204.716664,162.068005,143.890810
191.535787,33.692703,128.694493
262.477092,139.449744,162.024950
61.972612,43.616589,60.302821
239.471043,97.974193,171.629002
292.981525,94.973370,124.602171
171.539056,49.138947,61.666008
201.495120,79.648508,72.728418
77.005108,118.686442,10.781899
299.805019,49.179472,141.754566
204.716664,162.068005,143.890810
191.535787,33.692703,128.694493
239.471043,97.974193,171.629002
299.805019,49.179472,141.754566
30.783346,171.929428,80.344970
338.795181,103.676946,45.533129
264.293451,72.124466,53.846453
344.158988,146.699292,148.314381
333.349633,129.121827,31.230569
82.889414,5.409934,154.800400
28.982778,62.949350,150.364172
212.108910,147.137681,88.193652
204.716664,162.068005,143.890810
152.202186,31.913848,104.985107
116.261280,169.834313,146.949069
30.783346,171.929428,80.344970
344.545359,70.646272,33.847113
338.795181,103.676946,45.533129
251.769436,42.699430,53.180255
191.535787,33.692703,128.694493
262.477092,139.449744,162.024950
297.375413,84.232224,128.442991
61.972612,43.616589,60.302821
218.474851,110.317989,46.728880
352.986867,72.886202,71.540492
83.005072,135.875912,16.333284
36.433525,73.186567,77.897699
63.044076,119.883354,146.574288
277.751373,72.833916,85.141609
239.471043,97.974193,171.629002
264.293451,72.124466,53.846453
78.757822,109.774613,160.213125
103.562096,90.631246,1.519421
292.981525,94.973370,124.602171
152.748368,92.928949,20.232128
344.158988,146.699292,148.314381
231.163122,137.051497,87.582236
171.539056,49.138947,61.666008
201.495120,79.648508,72.728418
227.253443,166.772385,31.350284
285.346433,28.800108,168.337447
283.145855,112.565007,152.854678
333.349633,129.121827,31.230569
325.036114,10.317496,88.859325
47.804938,132.558780,64.607097
82.889414,5.409934,154.800400
202.431677,96.657584,115.758784
77.005108,118.686442,10.781899
28.982778,62.949350,150.364172
264.377491,110.578922,148.445090
212.108910,147.137681,88.193652
299.805019,49.179472,141.754566
5.147440,121.155364,45.550265
204.716664,162.068005,143.890810
90.140761,139.302847,11.935690
48.177029,43.299366,3.931115
46.760788,84.422279,74.461295
152.202186,31.913848,104.985107
116.261280,169.834313,146.949069
344.545359,70.646272,33.847113
251.769436,42.699430,53.180255
191.535787,33.692703,128.694493
352.986867,72.886202,71.540492
36.433525,73.186567,77.897699
277.751373,72.833916,85.141609
239.471043,97.974193,171.629002
227.253443,166.772385,31.350284
285.346433,28.800108,168.337447
283.145855,112.565007,152.854678
325.036114,10.317496,88.859325
264.377491,110.578922,148.445090
299.805019,49.179472,141.754566
90.140761,139.302847,11.935690
48.177029,43.299366,3.931115
30.783346,171.929428,80.344970
338.795181,103.676946,45.533129
82.889414,5.409934,154.800400
28.982778,62.949350,150.364172
212.108910,147.137681,88.193652
152.202186,31.913848,104.985107
30.783346,171.929428,80.344970
338.795181,103.676946,45.533129
83.005072,135.875912,16.333284
36.433525,73.186567,77.897699
277.751373,72.833916,85.141609
285.346433,28.800108,168.337447
283.145855,112.565007,152.854678
82.889414,5.409934,154.800400
28.982778,62.949350,150.364172
212.108910,147.137681,88.193652
5.147440,121.155364,45.550265
48.177029,43.299366,3.931115
152.202186,31.913848,104.985107
36.433525,73.186567,77.897699
277.751373,72.833916,85.141609
285.346433,28.800108,168.337447
283.145855,112.565007,152.854678
48.177029,43.299366,3.931115
153.926719,112.728869,150.104832
51.932312,99.524995,97.475572
161.042125,118.944388,121.591319
12.101121,155.429529,81.249610
162.598155,69.267989,55.435995
152.545835,74.849983,165.760918
1.854963,84.287829,14.585367
186.166263,73.243812,106.089814
79.699629,45.119369,7.773470
113.707600,104.939028,156.185983
204.716664,162.068005,143.890810
206.880884,59.419021,165.830431
302.611268,105.338355,78.029498
191.535787,33.692703,128.694493
262.477092,139.449744,162.024950
61.972612,43.616589,60.302821
275.992704,135.036133,117.299218
173.286240,39.552682,169.970348
134.611030,96.430934,97.165010
153.926719,112.728869,150.104832
10.148452,3.261708,154.740184
214.761958,156.553294,2.391587
51.932312,99.524995,97.475572
161.042125,118.944388,121.591319
324.285173,123.905494,123.477817
239.471043,97.974193,171.629002
12.101121,155.429529,81.249610
267.116696,67.892025,176.228370
42.613790,64.014079,117.389566
292.981525,94.973370,124.602171
43.682006,154.043661,108.522474
162.598155,69.267989,55.435995
241.097616,113.393135,43.487776
321.658841,131.876865,137.357275
337.591468,36.239022,148.799426
152.545835,74.849983,165.760918
61.151402,131.282918,103.280464
171.539056,49.138947,61.666008
159.709095,27.307531,103.673742
1.854963,84.287829,14.585367
186.166263,73.243812,106.089814
79.699629,45.119369,7.773470
201.495120,79.648508,72.728418
347.138432,27.913657,72.725028
113.707600,104.939028,156.185983
272.986679,109.050649,37.001878
228.401489,74.451733,132.729993
77.005108,118.686442,10.781899
342.242227,88.754522,116.038603
325.355837,76.222674,76.262622
299.805019,49.179472,141.754566
204.716664,162.068005,143.890810
248.980959,99.511735,0.466504
278.832909,81.789626,17.324567
217.599819,70.499205,151.195035
191.535787,33.692703,128.694493
173.286240,39.552682,169.970348
324.285173,123.905494,123.477817
239.471043,97.974193,171.629002
43.682006,154.043661,108.522474
241.097616,113.393135,43.487776
61.151402,131.282918,103.280464
159.709095,27.307531,103.673742
347.138432,27.913657,72.725028
342.242227,88.754522,116.038603
299.805019,49.179472,141.754566
65.249067,56.262243,29.085604
30.783346,171.929428,80.344970
338.795181,103.676946,45.533129
248.388461,157.353321,85.749968
153.926719,112.728869,150.104832
51.932312,99.524995,97.475572
161.042125,118.944388,121.591319
12.101121,155.429529,81.249610
264.293451,72.124466,53.846453
139.687510,54.238758,148.498654
321.281084,63.777015,85.653206
152.036546,137.822940,128.352928
332.255767,148.921371,105.209878
162.598155,69.267989,55.435995
105.017132,135.313879,43.252677
28.983844,60.588631,110.318292
187.687789,113.823354,118.796662
122.545349,37.073828,125.286207
152.545835,74.849983,165.760918
344.158988,146.699292,148.314381
13.934131,61.257145,167.320362
1.854963,84.287829,14.585367
186.166263,73.243812,106.089814
79.699629,45.119369,7.773470
310.558621,113.898019,136.424487
333.349633,129.121827,31.230569
96.928637,134.842972,125.340132
113.707600,104.939028,156.185983
138.264632,23.417775,2.906997
167.312899,121.889225,97.732103
249.379566,174.822216,88.777714
82.889414,5.409934,154.800400
28.943578,57.820275,89.820600
36.765227,126.871714,71.847663
28.982778,62.949350,150.364172
133.863800,133.139762,66.644308
212.108910,147.137681,88.193652
204.716664,162.068005,143.890810
117.684637,132.165109,88.228076
167.175065,98.602000,86.044239
110.445745,55.600009,92.471316
152.202186,31.913848,104.985107
116.261280,169.834313,146.949069
64.364981,6.385497,150.392641
65.249067,56.262243,29.085604
30.783346,171.929428,80.344970
184.191786,145.511514,3.342661
206.880884,59.419021,165.830431
302.611268,105.338355,78.029498
344.545359,70.646272,33.847113
145.925541,78.464325,122.466346
338.795181,103.676946,45.533129
251.769436,42.699430,53.180255
10.240084,97.944505,141.603018
191.535787,33.692703,128.694493
248.388461,157.353321,85.749968
191.886635,54.135020,91.655527
262.477092,139.449744,162.024950
32.824000,93.097139,26.113232
297.375413,84.232224,128.442991
61.972612,43.616589,60.302821
218.474851,110.317989,46.728880
352.986867,72.886202,71.540492
83.005072,135.875912,16.333284
275.992704,135.036133,117.299218
173.286240,39.552682,169.970348
36.433525,73.186567,77.897699
10.886280,100.824225,27.509973
63.044076,119.883354,146.574288
134.611030,96.430934,97.165010
92.018578,60.570776,178.113381
164.399156,90.520342,143.300809
153.926719,112.728869,150.104832
27.423806,131.220362,2.069580
10.148452,3.261708,154.740184
214.761958,156.553294,2.391587
51.932312,99.524995,97.475572
27.812396,67.772968,59.178556
208.538178,121.451294,107.320390
162.835787,102.292114,15.959592
161.042125,118.944388,121.591319
44.242999,126.513522,170.466818
324.285173,123.905494,123.477817
310.977628,74.464743,149.281649
277.751373,72.833916,85.141609
239.471043,97.974193,171.629002
134.056742,121.125547,31.576157
44.894489,101.451831,168.538730
12.101121,155.429529,81.249610
97.347286,142.402413,67.849455
267.116696,67.892025,176.228370
33.519869,101.829301,99.383109
164.868625,84.265127,127.391489
264.293451,72.124466,53.846453
139.687510,54.238758,148.498654
78.757822,109.774613,160.213125
321.281084,63.777015,85.653206
149.318528,72.281972,147.449127
42.613790,64.014079,117.389566
94.639802,112.468311,79.937647
304.452223,26.296049,95.012262
152.036546,137.822940,128.352928
103.562096,90.631246,1.519421
292.981525,94.973370,124.602171
332.255767,148.921371,105.209878
43.682006,154.043661,108.522474
162.598155,69.267989,55.435995
303.708465,117.496043,31.788283
105.017132,135.313879,43.252677
95.031230,49.031584,104.745657
215.487306,70.605350,28.581143
300.263765,51.083167,14.013453
28.983844,60.588631,110.318292
307.036602,71.041583,55.534183
187.687789,113.823354,118.796662
100.253651,47.536992,0.070109
352.918102,49.774264,52.456753
68.202069,83.032958,89.874876
241.097616,113.393135,43.487776
177.939594,126.662755,173.355912
336.287817,46.768135,165.000736
198.106012,154.715440,148.843970
152.748368,92.928949,20.232128
321.658841,131.876865,137.357275
231.230050,38.066639,20.398379
76.081533,103.499709,120.093344
337.591468,36.239022,148.799426
122.545349,37.073828,125.286207
28.856988,70.679427,66.353658
257.295751,88.679870,55.221608
152.545835,74.849983,165.760918
344.158988,146.699292,148.314381
13.934131,61.257145,167.320362
231.163122,137.051497,87.582236
61.151402,131.282918,103.280464
171.539056,49.138947,61.666008
159.709095,27.307531,103.673742
1.854963,84.287829,14.585367
186.166263,73.243812,106.089814
79.699629,45.119369,7.773470
310.558621,113.898019,136.424487
201.495120,79.648508,72.728418
227.253443,166.772385,31.350284
347.138432,27.913657,72.725028
243.958728,31.852387,41.062925
285.346433,28.800108,168.337447
283.145855,112.565007,152.854678
105.709910,75.768957,68.815344
333.349633,129.121827,31.230569
325.036114,10.317496,88.859325
96.928637,134.842972,125.340132
119.774548,67.437559,175.674274
113.707600,104.939028,156.185983
47.804938,132.558780,64.607097
272.986679,109.050649,37.001878
138.264632,23.417775,2.906997
271.567170,115.335503,51.008052
167.312899,121.889225,97.732103
255.070153,114.920216,108.469347
249.379566,174.822216,88.777714
228.401489,74.451733,132.729993
82.889414,5.409934,154.800400
235.705628,173.862345,13.799813
358.446078,117.663906,157.416785
220.062599,64.951381,107.478482
120.448490,74.201526,49.072952
202.431677,96.657584,115.758784
28.943578,57.820275,89.820600
36.765227,126.871714,71.847663
77.005108,118.686442,10.781899
342.242227,88.754522,116.038603
290.009347,78.640126,151.317943
28.982778,62.949350,150.364172
350.630010,147.933115,17.714260
264.377491,110.578922,148.445090
133.863800,133.139762,66.644308
325.355837,76.222674,76.262622
212.108910,147.137681,88.193652
299.805019,49.179472,141.754566
5.147440,121.155364,45.550265
204.716664,162.068005,143.890810
90.140761,139.302847,11.935690
261.174666,114.631001,138.073076
117.684637,132.165109,88.228076
248.980959,99.511735,0.466504
167.175065,98.602000,86.044239
237.924624,89.346182,178.183432
110.445745,55.600009,92.471316
100.387067,103.379622,116.629487
48.177029,43.299366,3.931115
278.832909,81.789626,17.324567
46.760788,84.422279,74.461295
173.035419,65.457147,166.411315
217.599819,70.499205,151.195035
152.202186,31.913848,104.985107
116.261280,169.834313,146.949069
344.545359,70.646272,33.847113
251.769436,42.699430,53.180255
10.240084,97.944505,141.603018
191.535787,33.692703,128.694493
352.986867,72.886202,71.540492
173.286240,39.552682,169.970348
36.433525,73.186567,77.897699
10.886280,100.824225,27.509973
92.018578,60.570776,178.113381
164.399156,90.520342,143.300809
208.538178,121.451294,107.320390
44.242999,126.513522,170.466818
324.285173,123.905494,123.477817
277.751373,72.833916,85.141609
239.471043,97.974193,171.629002
134.056742,121.125547,31.576157
33.519869,101.829301,99.383109
164.868625,84.265127,127.391489
149.318528,72.281972,147.449127
304.452223,26.296049,95.012262
43.682006,154.043661,108.522474
303.708465,117.496043,31.788283
95.031230,49.031584,104.745657
300.263765,51.083167,14.013453
100.253651,47.536992,0.070109
352.918102,49.774264,52.456753
241.097616,113.393135,43.487776
28.856988,70.679427,66.353658
61.151402,131.282918,103.280464
159.709095,27.307531,103.673742
227.253443,166.772385,31.350284
347.138432,27.913657,72.725028
285.346433,28.800108,168.337447
283.145855,112.565007,152.854678
325.036114,10.317496,88.859325
119.774548,67.437559,175.674274
358.446078,117.663906,157.416785
220.062599,64.951381,107.478482
342.242227,88.754522,116.038603
264.377491,110.578922,148.445090
299.805019,49.179472,141.754566
90.140761,139.302847,11.935690
261.174666,114.631001,138.073076
48.177029,43.299366,3.931115
30.783346,171.929428,80.344970
338.795181,103.676946,45.533129
332.255767,148.921371,105.209878
105.017132,135.313879,43.252677
187.687789,113.823354,118.796662
310.558621,113.898019,136.424487
82.889414,5.409934,154.800400
28.982778,62.949350,150.364172
212.108910,147.137681,88.193652
110.445745,55.600009,92.471316
152.202186,31.913848,104.985107
64.364981,6.385497,150.392641
30.783346,171.929428,80.344970
338.795181,103.676946,45.533129
32.824000,93.097139,26.113232
83.005072,135.875912,16.333284
36.433525,73.186567,77.897699
164.399156,90.520342,143.300809
44.242999,126.513522,170.466818
310.977628,74.464743,149.281649
277.751373,72.833916,85.141609
164.868625,84.265127,127.391489
149.318528,72.281972,147.449127
94.639802,112.468311,79.937647
304.452223,26.296049,95.012262
332.255767,148.921371,105.209878
303.708465,117.496043,31.788283
105.017132,135.313879,43.252677
187.687789,113.823354,118.796662
100.253651,47.536992,0.070109
68.202069,83.032958,89.874876
198.106012,154.715440,148.843970
76.081533,103.499709,120.093344
310.558621,113.898019,136.424487
243.958728,31.852387,41.062925
285.346433,28.800108,168.337447
283.145855,112.565007,152.854678
119.774548,67.437559,175.674274
82.889414,5.409934,154.800400
28.982778,62.949350,150.364172
350.630010,147.933115,17.714260
212.108910,147.137681,88.193652
5.147440,121.155364,45.550265
261.174666,114.631001,138.073076
110.445745,55.600009,92.471316
48.177029,43.299366,3.931115
152.202186,31.913848,104.985107
36.433525,73.186567,77.897699
164.399156,90.520342,143.300809
44.242999,126.513522,170.466818
277.751373,72.833916,85.141609
164.868625,84.265127,127.391489
149.318528,72.281972,147.449127
304.452223,26.296049,95.012262
303.708465,117.496043,31.788283
100.253651,47.536992,0.070109
285.346433,28.800108,168.337447
283.145855,112.565007,152.854678
119.774548,67.437559,175.674274
261.174666,114.631001,138.073076
48.177029,43.299366,3.931115
153.926719,112.728869,150.104832
51.932312,99.524995,97.475572
162.598155,69.267989,55.435995
79.699629,45.119369,7.773470
206.880884,59.419021,165.830431
134.611030,96.430934,97.165010
153.926719,112.728869,150.104832
51.932312,99.524995,97.475572
324.285173,123.905494,123.477817
42.613790,64.014079,117.389566
162.598155,69.267989,55.435995
79.699629,45.119369,7.773470
272.986679,109.050649,37.001878
228.401489,74.451733,132.729993
342.242227,88.754522,116.038603
325.355837,76.222674,76.262622
217.599819,70.499205,151.195035
324.285173,123.905494,123.477817
342.242227,88.754522,116.038603
153.926719,112.728869,150.104832
51.932312,99.524995,97.475572
139.687510,54.238758,148.498654
162.598155,69.267989,55.435995
28.983844,60.588631,110.318292
122.545349,37.073828,125.286207
13.934131,61.257145,167.320362
79.699629,45.119369,7.773470
310.558621,113.898019,136.424487
28.943578,57.820275,89.820600
184.191786,145.511514,3.342661
206.880884,59.419021,165.830431
10.886280,100.824225,27.509973
134.611030,96.430934,97.165010
153.926719,112.728869,150.104832
51.932312,99.524995,97.475572
44.242999,126.513522,170.466818
324.285173,123.905494,123.477817
44.894489,101.451831,168.538730
97.347286,142.402413,67.849455
164.868625,84.265127,127.391489
139.687510,54.238758,148.498654
149.318528,72.281972,147.449127
42.613790,64.014079,117.389566
94.639802,112.468311,79.937647
162.598155,69.267989,55.435995
300.263765,51.083167,14.013453
28.983844,60.588631,110.318292
307.036602,71.041583,55.534183
352.918102,49.774264,52.456753
68.202069,83.032958,89.874876
177.939594,126.662755,173.355912
336.287817,46.768135,165.000736
122.545349,37.073828,125.286207
28.856988,70.679427,66.353658
13.934131,61.257145,167.320362
79.699629,45.119369,7.773470
310.558621,113.898019,136.424487
105.709910,75.768957,68.815344
272.986679,109.050649,37.001878
228.401489,74.451733,132.729993
120.448490,74.201526,49.072952
28.943578,57.820275,89.820600
342.242227,88.754522,116.038603
325.355837,76.222674,76.262622
100.387067,103.379622,116.629487
217.599819,70.499205,151.195035
10.886280,100.824225,27.509973
44.242999,126.513522,170.466818
324.285173,123.905494,123.477817
164.868625,84.265127,127.391489
149.318528,72.281972,147.449127
300.263765,51.083167,14.013453
352.918102,49.774264,52.456753
28.856988,70.679427,66.353658
342.242227,88.754522,116.038603
310.558621,113.898019,136.424487
44.242999,126.513522,170.466818
164.868625,84.265127,127.391489
149.318528,72.281972,147.449127
94.639802,112.468311,79.937647
68.202069,83.032958,89.874876
310.558621,113.898019,136.424487
44.242999,126.513522,170.466818
164.868625,84.265127,127.391489
149.318528,72.281972,147.449127
