8.381455,90.000000,143.463432
0.839232,90.000000,119.449117
229.282518,90.000000,106.410147
351.797397,90.000000,135.982221
273.457280,90.000000,137.192173
8.381455,90.000000,143.463432
0.839232,90.000000,119.449117
279.371788,90.000000,119.959421
229.282518,90.000000,106.410147
351.797397,90.000000,135.982221
0.369733,90.000000,7.622842
359.404210,90.000000,105.764625
350.940067,90.000000,23.827413
198.168302,90.000000,31.342885
351.905489,90.000000,59.050953
301.485977,90.000000,31.802286
135.184173,90.000000,147.633848
8.381455,90.000000,143.463432
0.839232,90.000000,119.449117
183.269883,90.000000,121.738037
178.766239,90.000000,12.109704
125.255865,90.000000,132.595196
99.018076,90.000000,141.911697
166.827109,90.000000,10.564709
229.282518,90.000000,106.410147
175.887046,90.000000,26.103664
316.431956,90.000000,171.593486
205.010346,90.000000,82.838928
22.377208,90.000000,172.022751
0.369733,90.000000,7.622842
38.207452,90.000000,159.755787
6.979311,90.000000,74.527238
351.797397,90.000000,135.982221
42.368092,90.000000,119.059335
186.503458,90.000000,3.330897
359.404210,90.000000,105.764625
355.955497,90.000000,27.397907
180.375049,90.000000,16.332928
185.177739,90.000000,147.282435
350.940067,90.000000,23.827413
273.457280,90.000000,137.192173
140.014164,90.000000,159.905291
359.881393,90.000000,72.117288
198.168302,90.000000,31.342885
181.945890,90.000000,128.907699
78.110635,90.000000,67.102417
351.905489,90.000000,59.050953
296.071331,90.000000,33.291302
172.755884,90.000000,151.666558
82.730865,90.000000,165.696829
301.485977,90.000000,31.802286
135.184173,90.000000,147.633848
8.381455,90.000000,143.463432
0.839232,90.000000,119.449117
183.269883,90.000000,121.738037
279.371788,90.000000,119.959421
350.788599,90.000000,128.673480
261.976853,90.000000,58.033660
178.766239,90.000000,12.109704
125.255865,90.000000,132.595196
238.087053,90.000000,113.119127
99.018076,90.000000,141.911697
166.827109,90.000000,10.564709
229.282518,90.000000,106.410147
175.887046,90.000000,26.103664
351.797397,90.000000,135.982221
186.503458,90.000000,3.330897
185.177739,90.000000,147.282435
140.014164,90.000000,159.905291
359.881393,90.000000,72.117288
78.110635,90.000000,67.102417
296.071331,90.000000,33.291302
172.755884,90.000000,151.666558
261.976853,90.000000,58.033660
0.369733,90.000000,7.622842
198.168302,90.000000,31.342885
178.766239,90.000000,12.109704
125.255865,90.000000,132.595196
0.369733,90.000000,7.622842
42.368092,90.000000,119.059335
180.375049,90.000000,16.332928
198.168302,90.000000,31.342885
78.110635,90.000000,67.102417
82.730865,90.000000,165.696829
261.976853,90.000000,58.033660
178.766239,90.000000,12.109704
125.255865,90.000000,132.595196
78.110635,90.000000,67.102417
261.976853,90.000000,58.033660
181.866661,90.000000,110.780016
14.184199,90.000000,51.390853
201.700628,90.000000,65.933975
181.178070,90.000000,19.791121
185.641981,90.000000,165.269378
7.441093,90.000000,77.586865
88.276866,90.000000,51.688962
180.382194,90.000000,68.930991
8.381455,90.000000,143.463432
0.839232,90.000000,119.449117
117.512704,90.000000,29.668088
359.401568,90.000000,11.334203
181.866661,90.000000,110.780016
14.184199,90.000000,51.390853
229.282518,90.000000,106.410147
1.264666,90.000000,116.305781
98.828561,90.000000,0.431282
196.691185,90.000000,49.871076
152.049986,90.000000,29.803995
343.692435,90.000000,148.381773
351.797397,90.000000,135.982221
201.700628,90.000000,65.933975
1.238028,90.000000,41.021266
273.457280,90.000000,137.192173
284.533408,90.000000,46.273822
164.382354,90.000000,113.228409
181.178070,90.000000,19.791121
7.769785,90.000000,102.222881
194.327577,90.000000,168.260788
358.270797,90.000000,67.612835
185.641981,90.000000,165.269378
6.026963,90.000000,63.891026
358.476250,90.000000,5.518803
7.441093,90.000000,77.586865
88.276866,90.000000,51.688962
180.382194,90.000000,68.930991
8.381455,90.000000,143.463432
0.839232,90.000000,119.449117
166.542296,90.000000,88.116790
11.392300,90.000000,146.590857
279.371788,90.000000,119.959421
159.868589,90.000000,53.441092
2.740770,90.000000,31.969453
117.512704,90.000000,29.668088
172.930844,90.000000,144.587563
359.401568,90.000000,11.334203
358.646841,90.000000,129.624389
260.476923,90.000000,156.137607
229.282518,90.000000,106.410147
152.049986,90.000000,29.803995
343.692435,90.000000,148.381773
351.797397,90.000000,135.982221
1.238028,90.000000,41.021266
284.533408,90.000000,46.273822
164.382354,90.000000,113.228409
194.327577,90.000000,168.260788
358.270797,90.000000,67.612835
356.082618,90.000000,122.856248
1.550517,90.000000,92.649200
334.813480,90.000000,6.509576
181.866661,90.000000,110.780016
14.184199,90.000000,51.390853
1.815946,90.000000,122.152415
12.297638,90.000000,90.401900
0.369733,90.000000,7.622842
181.334629,90.000000,60.279042
47.314143,90.000000,3.135893
201.700628,90.000000,65.933975
181.788348,90.000000,122.848857
182.261054,90.000000,99.739763
359.404210,90.000000,105.764625
347.987309,90.000000,178.277259
177.252821,90.000000,91.582853
350.940067,90.000000,23.827413
336.735390,90.000000,30.704289
347.423715,90.000000,40.285371
70.912183,90.000000,172.970003
198.168302,90.000000,31.342885
287.675651,90.000000,40.419635
102.334268,90.000000,93.195224
351.905489,90.000000,59.050953
181.178070,90.000000,19.791121
39.316162,90.000000,50.706411
145.454186,90.000000,151.150244
185.641981,90.000000,165.269378
301.485977,90.000000,31.802286
349.758787,90.000000,152.173738
135.184173,90.000000,147.633848
7.441093,90.000000,77.586865
4.348860,90.000000,172.353704
88.276866,90.000000,51.688962
180.382194,90.000000,68.930991
8.381455,90.000000,143.463432
0.839232,90.000000,119.449117
183.269883,90.000000,121.738037
2.584010,90.000000,166.326773
357.782855,90.000000,179.312737
117.512704,90.000000,29.668088
359.401568,90.000000,11.334203
276.088348,90.000000,104.926673
178.766239,90.000000,12.109704
125.255865,90.000000,132.595196
221.348028,90.000000,164.170674
356.082618,90.000000,122.856248
185.639667,90.000000,166.240082
177.461681,90.000000,48.718852
1.550517,90.000000,92.649200
334.813480,90.000000,6.509576
270.958341,90.000000,18.466702
181.866661,90.000000,110.780016
14.184199,90.000000,51.390853
99.018076,90.000000,141.911697
354.978411,90.000000,114.905015
335.452059,90.000000,22.966629
1.815946,90.000000,122.152415
12.297638,90.000000,90.401900
123.870960,90.000000,120.599864
166.827109,90.000000,10.564709
229.282518,90.000000,106.410147
175.887046,90.000000,26.103664
354.219637,90.000000,38.584817
1.264666,90.000000,116.305781
316.431956,90.000000,171.593486
98.828561,90.000000,0.431282
205.010346,90.000000,82.838928
199.309844,90.000000,55.804517
22.377208,90.000000,172.022751
196.691185,90.000000,49.871076
0.369733,90.000000,7.622842
38.207452,90.000000,159.755787
257.855038,90.000000,168.734264
296.957998,90.000000,8.638199
152.049986,90.000000,29.803995
183.953753,90.000000,39.807017
6.979311,90.000000,74.527238
181.334629,90.000000,60.279042
343.692435,90.000000,148.381773
351.797397,90.000000,135.982221
47.314143,90.000000,3.135893
42.368092,90.000000,119.059335
162.056100,90.000000,171.617580
186.503458,90.000000,3.330897
201.700628,90.000000,65.933975
241.649855,90.000000,137.857640
180.428810,90.000000,135.002255
181.731480,90.000000,54.299725
181.788348,90.000000,122.848857
177.629659,90.000000,80.292082
182.261054,90.000000,99.739763
359.404210,90.000000,105.764625
355.955497,90.000000,27.397907
347.987309,90.000000,178.277259
351.489485,90.000000,18.700277
180.375049,90.000000,16.332928
67.626857,90.000000,42.301923
359.410055,90.000000,157.768935
177.252821,90.000000,91.582853
185.383566,90.000000,50.189926
185.177739,90.000000,147.282435
1.238028,90.000000,41.021266
350.940067,90.000000,23.827413
273.457280,90.000000,137.192173
233.890778,90.000000,8.392173
336.735390,90.000000,30.704289
179.786339,90.000000,10.678546
140.014164,90.000000,159.905291
180.768514,90.000000,177.858148
233.169755,90.000000,8.925551
347.423715,90.000000,40.285371
70.912183,90.000000,172.970003
31.116421,90.000000,30.596300
143.782886,90.000000,40.920063
284.533408,90.000000,46.273822
0.719445,90.000000,114.470765
359.663503,90.000000,156.957884
359.812614,90.000000,122.562708
182.314878,90.000000,104.780899
359.881393,90.000000,72.117288
198.168302,90.000000,31.342885
164.382354,90.000000,113.228409
287.675651,90.000000,40.419635
181.945890,90.000000,128.907699
78.110635,90.000000,67.102417
102.334268,90.000000,93.195224
180.535911,90.000000,144.675471
351.905489,90.000000,59.050953
290.134159,90.000000,112.688270
296.071331,90.000000,33.291302
158.047638,90.000000,124.257880
172.755884,90.000000,151.666558
3.627327,90.000000,113.990524
267.471805,90.000000,91.812531
180.220140,90.000000,43.804488
0.555457,90.000000,102.189438
181.178070,90.000000,19.791121
222.438647,90.000000,97.973659
39.316162,90.000000,50.706411
177.557820,90.000000,35.238154
7.769785,90.000000,102.222881
194.327577,90.000000,168.260788
358.270797,90.000000,67.612835
145.454186,90.000000,151.150244
222.246876,90.000000,173.566394
185.641981,90.000000,165.269378
164.936728,90.000000,57.734330
82.730865,90.000000,165.696829
301.485977,90.000000,31.802286
187.133976,90.000000,165.261921
2.945931,90.000000,149.599180
349.758787,90.000000,152.173738
6.026963,90.000000,63.891026
176.390210,90.000000,176.777768
135.184173,90.000000,147.633848
358.476250,90.000000,5.518803
7.441093,90.000000,77.586865
4.348860,90.000000,172.353704
88.276866,90.000000,51.688962
358.008993,90.000000,107.357894
180.382194,90.000000,68.930991
8.381455,90.000000,143.463432
0.839232,90.000000,119.449117
358.273718,90.000000,93.538296
308.454741,90.000000,95.727991
356.766357,90.000000,149.651743
183.269883,90.000000,121.738037
166.542296,90.000000,88.116790
197.748670,90.000000,72.034656
2.584010,90.000000,166.326773
41.607610,90.000000,138.797157
338.328000,90.000000,14.047581
178.684559,90.000000,121.908938
357.782855,90.000000,179.312737
183.231898,90.000000,112.129157
357.581544,90.000000,111.276890
55.607837,90.000000,17.351022
86.343879,90.000000,37.533369
11.392300,90.000000,146.590857
279.371788,90.000000,119.959421
350.788599,90.000000,128.673480
159.868589,90.000000,53.441092
2.740770,90.000000,31.969453
117.512704,90.000000,29.668088
103.219279,90.000000,49.131553
261.976853,90.000000,58.033660
355.683953,90.000000,97.776670
172.930844,90.000000,144.587563
359.401568,90.000000,11.334203
276.088348,90.000000,104.926673
178.766239,90.000000,12.109704
4.520337,90.000000,148.601604
358.646841,90.000000,129.624389
125.255865,90.000000,132.595196
238.087053,90.000000,113.119127
179.812019,90.000000,101.162515
260.476923,90.000000,156.137607
177.461681,90.000000,48.718852
99.018076,90.000000,141.911697
354.978411,90.000000,114.905015
123.870960,90.000000,120.599864
166.827109,90.000000,10.564709
229.282518,90.000000,106.410147
175.887046,90.000000,26.103664
152.049986,90.000000,29.803995
183.953753,90.000000,39.807017
343.692435,90.000000,148.381773
351.797397,90.000000,135.982221
186.503458,90.000000,3.330897
241.649855,90.000000,137.857640
67.626857,90.000000,42.301923
185.383566,90.000000,50.189926
185.177739,90.000000,147.282435
1.238028,90.000000,41.021266
140.014164,90.000000,159.905291
180.768514,90.000000,177.858148
233.169755,90.000000,8.925551
143.782886,90.000000,40.920063
284.533408,90.000000,46.273822
359.663503,90.000000,156.957884
359.881393,90.000000,72.117288
164.382354,90.000000,113.228409
78.110635,90.000000,67.102417
290.134159,90.000000,112.688270
296.071331,90.000000,33.291302
172.755884,90.000000,151.666558
3.627327,90.000000,113.990524
0.555457,90.000000,102.189438
177.557820,90.000000,35.238154
194.327577,90.000000,168.260788
358.270797,90.000000,67.612835
187.133976,90.000000,165.261921
308.454741,90.000000,95.727991
356.766357,90.000000,149.651743
41.607610,90.000000,138.797157
183.231898,90.000000,112.129157
55.607837,90.000000,17.351022
103.219279,90.000000,49.131553
261.976853,90.000000,58.033660
0.369733,90.000000,7.622842
47.314143,90.000000,3.135893
347.987309,90.000000,178.277259
198.168302,90.000000,31.342885
4.348860,90.000000,172.353704
178.766239,90.000000,12.109704
125.255865,90.000000,132.595196
177.461681,90.000000,48.718852
123.870960,90.000000,120.599864
0.369733,90.000000,7.622842
296.957998,90.000000,8.638199
183.953753,90.000000,39.807017
47.314143,90.000000,3.135893
42.368092,90.000000,119.059335
181.731480,90.000000,54.299725
347.987309,90.000000,178.277259
180.375049,90.000000,16.332928
67.626857,90.000000,42.301923
185.383566,90.000000,50.189926
233.890778,90.000000,8.392173
179.786339,90.000000,10.678546
233.169755,90.000000,8.925551
143.782886,90.000000,40.920063
198.168302,90.000000,31.342885
78.110635,90.000000,67.102417
180.535911,90.000000,144.675471
290.134159,90.000000,112.688270
222.438647,90.000000,97.973659
222.246876,90.000000,173.566394
82.730865,90.000000,165.696829
4.348860,90.000000,172.353704
338.328000,90.000000,14.047581
103.219279,90.000000,49.131553
261.976853,90.000000,58.033660
178.766239,90.000000,12.109704
125.255865,90.000000,132.595196
177.461681,90.000000,48.718852
123.870960,90.000000,120.599864
183.953753,90.000000,39.807017
67.626857,90.000000,42.301923
185.383566,90.000000,50.189926
233.169755,90.000000,8.925551
143.782886,90.000000,40.920063
78.110635,90.000000,67.102417
290.134159,90.000000,112.688270
103.219279,90.000000,49.131553
261.976853,90.000000,58.033660
14.184199,90.000000,51.390853
201.700628,90.000000,65.933975
181.178070,90.000000,19.791121
185.641981,90.000000,165.269378
7.441093,90.000000,77.586865
14.184199,90.000000,51.390853
152.049986,90.000000,29.803995
201.700628,90.000000,65.933975
164.382354,90.000000,113.228409
181.178070,90.000000,19.791121
7.769785,90.000000,102.222881
358.270797,90.000000,67.612835
185.641981,90.000000,165.269378
6.026963,90.000000,63.891026
358.476250,90.000000,5.518803
7.441093,90.000000,77.586865
166.542296,90.000000,88.116790
11.392300,90.000000,146.590857
2.740770,90.000000,31.969453
172.930844,90.000000,144.587563
152.049986,90.000000,29.803995
164.382354,90.000000,113.228409
358.270797,90.000000,67.612835
356.082618,90.000000,122.856248
1.550517,90.000000,92.649200
14.184199,90.000000,51.390853
1.815946,90.000000,122.152415
12.297638,90.000000,90.401900
201.700628,90.000000,65.933975
347.423715,90.000000,40.285371
102.334268,90.000000,93.195224
181.178070,90.000000,19.791121
185.641981,90.000000,165.269378
7.441093,90.000000,77.586865
357.782855,90.000000,179.312737
221.348028,90.000000,164.170674
356.082618,90.000000,122.856248
177.461681,90.000000,48.718852
1.550517,90.000000,92.649200
14.184199,90.000000,51.390853
1.815946,90.000000,122.152415
12.297638,90.000000,90.401900
123.870960,90.000000,120.599864
199.309844,90.000000,55.804517
257.855038,90.000000,168.734264
152.049986,90.000000,29.803995
183.953753,90.000000,39.807017
201.700628,90.000000,65.933975
180.428810,90.000000,135.002255
233.890778,90.000000,8.392173
180.768514,90.000000,177.858148
347.423715,90.000000,40.285371
143.782886,90.000000,40.920063
359.812614,90.000000,122.562708
182.314878,90.000000,104.780899
164.382354,90.000000,113.228409
102.334268,90.000000,93.195224
0.555457,90.000000,102.189438
181.178070,90.000000,19.791121
7.769785,90.000000,102.222881
358.270797,90.000000,67.612835
185.641981,90.000000,165.269378
187.133976,90.000000,165.261921
6.026963,90.000000,63.891026
358.476250,90.000000,5.518803
7.441093,90.000000,77.586865
358.008993,90.000000,107.357894
166.542296,90.000000,88.116790
338.328000,90.000000,14.047581
357.782855,90.000000,179.312737
357.581544,90.000000,111.276890
55.607837,90.000000,17.351022
11.392300,90.000000,146.590857
2.740770,90.000000,31.969453
172.930844,90.000000,144.587563
4.520337,90.000000,148.601604
177.461681,90.000000,48.718852
123.870960,90.000000,120.599864
152.049986,90.000000,29.803995
183.953753,90.000000,39.807017
180.768514,90.000000,177.858148
143.782886,90.000000,40.920063
164.382354,90.000000,113.228409
0.555457,90.000000,102.189438
358.270797,90.000000,67.612835
187.133976,90.000000,165.261921
55.607837,90.000000,17.351022
177.461681,90.000000,48.718852
123.870960,90.000000,120.599864
183.953753,90.000000,39.807017
233.890778,90.000000,8.392173
143.782886,90.000000,40.920063
338.328000,90.000000,14.047581
177.461681,90.000000,48.718852
123.870960,90.000000,120.599864
183.953753,90.000000,39.807017
143.782886,90.000000,40.920063
