-9.812628,-23.583555,-26.006180
-12.257355,-0.179694,-9.516204
-23.147680,65.883089,-0.303409
-9.812628,76.416445,-26.006180
-24.740358,0.944582,-14.253377
-2.657601,69.463147,-10.717613
-13.774096,59.950390,-4.756781
-3.551014,46.235715,-5.465717
-9.708099,21.135333,-14.812740
-17.052937,72.305462,-0.272192
-13.071890,20.283680,-20.976205
-4.083398,18.553221,-15.578636
-23.319867,1.931911,-5.573221
-9.065911,66.797295,-0.675000
-12.257355,99.820306,-9.516204
-24.740358,100.944582,-14.253377
-9.708099,121.135333,-14.812740
-13.071890,120.283680,-20.976205
-4.083398,118.553221,-15.578636
-23.319867,101.931911,-5.573221
90.187372,-23.583555,-26.006180
40.452287,-12.845688,-10.673804
45.187495,-8.689466,-14.198914
34.926494,-20.426072,-25.515456
57.473552,-15.038426,-2.749642
52.584559,-0.033075,-2.715012
66.336734,-0.739888,-8.256249
87.742645,-0.179694,-9.516204
13.751917,-25.149915,-4.721967
76.852320,65.883089,-0.303409
18.138783,35.846463,-14.900255
90.187372,76.416445,-26.006180
75.259642,0.944582,-14.253377
19.340928,11.575513,-25.516804
17.840501,42.737731,-0.135720
97.342399,69.463147,-10.717613
64.864073,71.703483,-1.236373
33.805151,20.189753,-0.156501
86.225904,59.950390,-4.756781
96.448986,46.235715,-5.465717
40.452287,87.154312,-10.673804
90.291901,21.135333,-14.812740
45.187495,91.310534,-14.198914
82.947063,72.305462,-0.272192
34.926494,79.573928,-25.515456
44.445006,55.431051,-2.539284
57.473552,84.961574,-2.749642
52.584559,99.966925,-2.715012
29.627350,67.168734,-4.114835
50.648368,66.231048,-18.020657
43.215339,41.162797,-25.046242
24.332201,11.941674,-20.329646
86.928110,20.283680,-20.976205
31.606688,7.640761,-15.142727
28.108824,65.324172,-10.485222
57.330741,56.479761,-8.318307
10.591227,5.711998,-15.276662
95.916602,18.553221,-15.578636
76.680133,1.931911,-5.573221
64.826450,18.873815,-13.126554
14.918665,41.297617,-7.069928
66.336734,99.260112,-8.256249
90.934089,66.797295,-0.675000
4.012513,71.832896,-24.597697
87.742645,99.820306,-9.516204
7.468723,42.288009,-21.559868
13.751917,74.850085,-4.721967
75.259642,100.944582,-14.253377
19.340928,111.575513,-25.516804
33.805151,120.189753,-0.156501
90.291901,121.135333,-14.812740
24.332201,111.941674,-20.329646
86.928110,120.283680,-20.976205
31.606688,107.640761,-15.142727
10.591227,105.711998,-15.276662
95.916602,118.553221,-15.578636
76.680133,101.931911,-5.573221
64.826450,118.873815,-13.126554
113.751917,-25.149915,-4.721967
118.138783,35.846463,-14.900255
119.340928,11.575513,-25.516804
117.840501,42.737731,-0.135720
124.332201,11.941674,-20.329646
110.591227,5.711998,-15.276662
114.918665,41.297617,-7.069928
104.012513,71.832896,-24.597697
107.468723,42.288009,-21.559868
113.751917,74.850085,-4.721967
119.340928,111.575513,-25.516804
124.332201,111.941674,-20.329646
110.591227,105.711998,-15.276662
-14.765549,-14.281875,26.996353
-14.073746,-7.227992,67.993115
-9.812628,-23.583555,73.993820
-19.658518,-1.192482,34.172880
-5.158303,-23.861243,68.786315
-16.580709,-14.643282,20.852340
-14.979944,-19.225188,32.275753
-12.257355,-0.179694,90.483796
-21.877692,48.201588,20.256037
-14.765549,85.718125,26.996353
-21.611843,1.313986,62.711642
-24.238483,3.785352,57.457328
-23.147680,65.883089,99.696591
-7.940581,10.733835,68.013629
-18.492177,17.312350,26.041457
-14.073746,92.772008,67.993115
-19.112456,72.183517,40.600985
-24.808679,2.907432,67.946557
-21.897696,67.510471,61.869619
-9.812628,76.416445,73.993820
-24.740358,0.944582,85.746623
-11.351531,51.003251,26.029604
-2.657601,69.463147,89.282387
-25.746807,36.610676,26.144753
-11.584486,63.656374,15.549789
-19.658518,98.807518,34.172880
-22.963744,35.868556,30.629398
-13.774096,59.950390,95.243219
-3.551014,46.235715,94.534283
-8.921806,26.987022,36.505704
-6.840845,60.887753,5.026848
-18.644193,53.957195,57.695814
-0.804637,25.324914,45.005773
-9.708099,21.135333,85.187260
-16.230801,42.527896,72.225549
-17.052937,72.305462,99.727808
-6.168730,26.518000,73.151192
-5.158303,76.138757,68.786315
-4.644199,7.011593,27.345486
-16.580709,85.356718,20.852340
-18.356730,52.543686,40.027012
-23.174719,31.741008,46.968911
-14.137561,43.260857,65.729041
-14.979944,80.774812,32.275753
-10.241853,30.889678,31.261181
-15.431046,71.927682,45.836748
-13.029650,21.493746,50.358311
-13.071890,20.283680,79.023795
-13.104305,4.042478,55.606334
-25.290959,7.616999,52.223567
-24.863804,55.108049,11.143035
-4.083398,18.553221,84.421364
-23.319867,1.931911,94.426779
-1.849229,56.609972,45.064662
-9.065911,66.797295,99.325000
-12.257355,99.820306,90.483796
-21.611843,101.313986,62.711642
-24.238483,103.785352,57.457328
-7.940581,110.733835,68.013629
-18.492177,117.312350,26.041457
-24.808679,102.907432,67.946557
-24.740358,100.944582,85.746623
-0.804637,125.324914,45.005773
-9.708099,121.135333,85.187260
-4.644199,107.011593,27.345486
-13.029650,121.493746,50.358311
-13.071890,120.283680,79.023795
-13.104305,104.042478,55.606334
-25.290959,107.616999,52.223567
-4.083398,118.553221,84.421364
-23.319867,101.931911,94.426779
66.434834,-21.590920,29.949236
85.234451,-14.281875,26.996353
23.240907,-23.871677,23.549975
25.575026,-5.029214,5.930663
85.926254,-7.227992,67.993115
16.250198,-20.002457,39.489494
67.693741,-2.810552,40.460166
48.724059,-23.194266,58.899560
90.187372,-23.583555,73.993820
52.829631,-24.562891,25.901412
39.150543,-19.934908,44.374537
43.180255,-14.360081,32.317540
43.119243,-24.220692,64.115792
18.197956,-5.923455,13.491952
80.341482,-1.192482,34.172880
40.452287,-12.845688,89.326196
45.187495,-8.689466,85.801086
6.964398,-25.091874,57.714119
94.841697,-23.861243,68.786315
83.419291,-14.643282,20.852340
34.926494,-20.426072,74.484544
57.473552,-15.038426,97.250358
52.584559,-0.033075,97.284988
20.335836,-7.608666,60.639978
71.704030,-22.730482,35.173310
85.020056,-19.225188,32.275753
11.207736,-4.621486,10.894190
19.742784,-5.523700,5.152046
11.828586,-10.001360,34.263689
1.701702,-20.958621,11.523551
66.059568,-11.322934,15.650693
69.072401,-12.964257,67.910359
9.211637,-12.582508,39.536725
14.514998,-12.779760,69.938664
7.747387,-23.675183,29.047161
32.987228,-23.908919,54.449736
68.756247,-22.830323,5.143084
66.336734,-0.739888,91.743751
21.414118,-19.682782,15.804717
87.742645,-0.179694,90.483796
13.751917,-25.149915,95.278033
78.122308,48.201588,20.256037
66.434834,78.409080,29.949236
3.055031,32.328128,15.589163
85.234451,85.718125,26.996353
43.212483,67.260399,10.462387
78.388157,1.313986,62.711642
48.804448,36.048679,45.038687
75.761517,3.785352,57.457328
76.852320,65.883089,99.696591
40.977102,22.160781,31.456710
23.240907,76.128323,23.549975
21.970479,24.283815,16.525693
92.059419,10.733835,68.013629
18.138783,35.846463,85.099745
81.507823,17.312350,26.041457
25.575026,94.970786,5.930663
73.401880,37.282197,2.433174
61.197386,28.986606,14.260053
85.926254,92.772008,67.993115
80.887544,72.183517,40.600985
7.322218,44.930541,10.349353
19.017016,37.638361,62.738637
16.250198,79.997543,39.489494
67.693741,97.189448,40.460166
48.724059,76.805734,58.899560
75.191321,2.907432,67.946557
31.513668,38.235782,11.155415
78.102304,67.510471,61.869619
90.187372,76.416445,73.993820
52.829631,75.437109,25.901412
39.150543,80.065092,44.374537
75.259642,0.944582,85.746623
43.180255,85.639919,32.317540
38.305690,14.388158,48.176650
19.340928,11.575513,74.483196
43.119243,75.779308,64.115792
17.840501,42.737731,99.864280
88.648469,51.003251,26.029604
97.342399,69.463147,89.282387
64.864073,71.703483,98.763627
74.253193,36.610676,26.144753
33.805151,20.189753,99.843499
18.197956,94.076545,13.491952
88.415514,63.656374,15.549789
80.341482,98.807518,34.172880
77.036256,35.868556,30.629398
86.225904,59.950390,95.243219
96.448986,46.235715,94.534283
91.078194,26.987022,36.505704
93.159155,60.887753,5.026848
40.452287,87.154312,89.326196
81.355807,53.957195,57.695814
99.195363,25.324914,45.005773
68.207040,0.643147,10.373646
31.076012,48.101754,37.881916
90.291901,21.135333,85.187260
50.584873,14.851424,14.564809
83.769199,42.527896,72.225549
69.954584,26.686062,30.132494
45.187495,91.310534,85.801086
10.283113,67.171481,5.083651
82.947063,72.305462,99.727808
73.101093,42.971553,20.719364
6.964398,74.908126,57.714119
93.831270,26.518000,73.151192
94.841697,76.138757,68.786315
95.355801,7.011593,27.345486
83.419291,85.356718,20.852340
5.398459,30.136315,42.406758
81.643270,52.543686,40.027012
69.215049,12.755329,20.221336
67.411727,63.938583,10.399816
53.985129,25.166060,26.169996
62.784230,0.542241,67.950143
76.825281,31.741008,46.968911
39.414174,36.366141,20.943671
34.926494,79.573928,74.484544
31.038393,14.628482,42.976830
18.599201,53.588210,43.623092
44.445006,55.431051,97.460716
73.223728,38.418521,52.488017
55.578151,17.039114,9.679841
57.473552,84.961574,97.250358
85.862439,43.260857,65.729041
52.584559,99.966925,97.284988
58.111555,53.795302,62.900361
29.627350,67.168734,95.885165
5.570902,41.385889,22.007774
20.335836,92.391334,60.639978
71.704030,77.269518,35.173310
85.020056,80.774812,32.275753
65.471362,66.574759,50.089590
11.207736,95.378514,10.894190
42.280595,61.082547,3.028813
50.648368,66.231048,81.979343
19.742784,94.476300,5.152046
11.828586,89.998640,34.263689
55.949756,60.327926,67.786959
8.785042,2.194909,44.712924
10.870840,60.944003,15.955963
1.701702,79.041379,11.523551
89.758147,30.889678,31.261181
66.059568,88.677066,15.650693
84.568954,71.927682,45.836748
86.970350,21.493746,50.358311
43.215339,41.162797,74.953758
69.072401,87.035743,67.910359
55.004011,67.381866,49.542460
9.211637,87.417492,39.536725
71.835297,40.853626,47.243674
24.332201,11.941674,79.670354
68.503961,27.550800,14.970388
67.034183,9.507131,3.895644
86.928110,20.283680,79.023795
63.631272,17.033110,41.792065
86.895695,4.042478,55.606334
31.606688,7.640761,84.857273
14.514998,87.220240,69.938664
19.985834,44.088782,10.384502
28.108824,65.324172,89.514778
57.330741,56.479761,91.681693
10.260376,37.289413,51.730506
50.137219,64.268647,9.670500
58.714690,2.609592,73.304743
74.709041,7.616999,52.223567
18.604664,16.681023,67.982691
68.102254,71.161660,58.744963
10.591227,5.711998,84.723338
75.136196,55.108049,11.143035
7.747387,76.324817,29.047161
28.170510,71.063196,48.089709
95.916602,18.553221,84.421364
76.680133,1.931911,94.426779
64.826450,18.873815,86.873446
28.328908,52.059157,68.171972
11.372085,26.556063,25.266408
32.987228,76.091081,54.449736
68.756247,77.169677,5.143084
14.918665,41.297617,92.930072
98.150771,56.609972,45.064662
66.336734,99.260112,91.743751
37.580309,59.826419,10.484215
90.934089,66.797295,99.325000
4.012513,71.832896,75.402303
21.414118,80.317218,15.804717
49.473974,21.767929,36.665807
53.409146,11.160455,53.770107
87.742645,99.820306,90.483796
7.468723,42.288009,78.440132
38.009298,20.836709,5.497495
48.171155,72.585932,69.492788
13.751917,74.850085,95.278033
65.796283,25.781379,26.140626
78.388157,101.313986,62.711642
75.761517,103.785352,57.457328
40.977102,122.160781,31.456710
21.970479,124.283815,16.525693
92.059419,110.733835,68.013629
81.507823,117.312350,26.041457
75.191321,102.907432,67.946557
75.259642,100.944582,85.746623
38.305690,114.388158,48.176650
19.340928,111.575513,74.483196
33.805151,120.189753,99.843499
99.195363,125.324914,45.005773
68.207040,100.643147,10.373646
90.291901,121.135333,85.187260
50.584873,114.851424,14.564809
95.355801,107.011593,27.345486
69.215049,112.755329,20.221336
53.985129,125.166060,26.169996
62.784230,100.542241,67.950143
31.038393,114.628482,42.976830
55.578151,117.039114,9.679841
8.785042,102.194909,44.712924
86.970350,121.493746,50.358311
24.332201,111.941674,79.670354
67.034183,109.507131,3.895644
86.928110,120.283680,79.023795
63.631272,117.033110,41.792065
86.895695,104.042478,55.606334
31.606688,107.640761,84.857273
58.714690,102.609592,73.304743
74.709041,107.616999,52.223567
18.604664,116.681023,67.982691
10.591227,105.711998,84.723338
95.916602,118.553221,84.421364
76.680133,101.931911,94.426779
64.826450,118.873815,86.873446
49.473974,121.767929,36.665807
53.409146,111.160455,53.770107
38.009298,120.836709,5.497495
65.796283,125.781379,26.140626
123.240907,-23.871677,23.549975
125.575026,-5.029214,5.930663
116.250198,-20.002457,39.489494
118.197956,-5.923455,13.491952
106.964398,-25.091874,57.714119
120.335836,-7.608666,60.639978
111.207736,-4.621486,10.894190
119.742784,-5.523700,5.152046
111.828586,-10.001360,34.263689
101.701702,-20.958621,11.523551
109.211637,-12.582508,39.536725
114.514998,-12.779760,69.938664
107.747387,-23.675183,29.047161
121.414118,-19.682782,15.804717
113.751917,-25.149915,95.278033
103.055031,32.328128,15.589163
123.240907,76.128323,23.549975
121.970479,24.283815,16.525693
118.138783,35.846463,85.099745
125.575026,94.970786,5.930663
107.322218,44.930541,10.349353
119.017016,37.638361,62.738637
116.250198,79.997543,39.489494
119.340928,11.575513,74.483196
117.840501,42.737731,99.864280
118.197956,94.076545,13.491952
110.283113,67.171481,5.083651
106.964398,74.908126,57.714119
105.398459,30.136315,42.406758
118.599201,53.588210,43.623092
105.570902,41.385889,22.007774
120.335836,92.391334,60.639978
111.207736,95.378514,10.894190
119.742784,94.476300,5.152046
111.828586,89.998640,34.263689
108.785042,2.194909,44.712924
110.870840,60.944003,15.955963
101.701702,79.041379,11.523551
109.211637,87.417492,39.536725
124.332201,11.941674,79.670354
114.514998,87.220240,69.938664
119.985834,44.088782,10.384502
110.260376,37.289413,51.730506
118.604664,16.681023,67.982691
110.591227,5.711998,84.723338
107.747387,76.324817,29.047161
111.372085,26.556063,25.266408
114.918665,41.297617,92.930072
104.012513,71.832896,75.402303
121.414118,80.317218,15.804717
107.468723,42.288009,78.440132
113.751917,74.850085,95.278033
121.970479,124.283815,16.525693
119.340928,111.575513,74.483196
108.785042,102.194909,44.712924
124.332201,111.941674,79.670354
118.604664,116.681023,67.982691
110.591227,105.711998,84.723338
-16.580709,-14.643282,120.852340
-21.877692,48.201588,120.256037
-18.492177,17.312350,126.041457
-11.351531,51.003251,126.029604
-25.746807,36.610676,126.144753
-11.584486,63.656374,115.549789
-6.840845,60.887753,105.026848
-16.580709,85.356718,120.852340
-24.863804,55.108049,111.143035
-18.492177,117.312350,126.041457
23.240907,-23.871677,123.549975
25.575026,-5.029214,105.930663
52.829631,-24.562891,125.901412
18.197956,-5.923455,113.491952
83.419291,-14.643282,120.852340
11.207736,-4.621486,110.894190
19.742784,-5.523700,105.152046
1.701702,-20.958621,111.523551
66.059568,-11.322934,115.650693
68.756247,-22.830323,105.143084
21.414118,-19.682782,115.804717
78.122308,48.201588,120.256037
3.055031,32.328128,115.589163
43.212483,67.260399,110.462387
23.240907,76.128323,123.549975
21.970479,24.283815,116.525693
81.507823,17.312350,126.041457
25.575026,94.970786,105.930663
73.401880,37.282197,102.433174
61.197386,28.986606,114.260053
7.322218,44.930541,110.349353
31.513668,38.235782,111.155415
52.829631,75.437109,125.901412
88.648469,51.003251,126.029604
74.253193,36.610676,126.144753
18.197956,94.076545,113.491952
88.415514,63.656374,115.549789
93.159155,60.887753,105.026848
68.207040,0.643147,110.373646
50.584873,14.851424,114.564809
10.283113,67.171481,105.083651
73.101093,42.971553,120.719364
83.419291,85.356718,120.852340
69.215049,12.755329,120.221336
67.411727,63.938583,110.399816
53.985129,25.166060,126.169996
39.414174,36.366141,120.943671
55.578151,17.039114,109.679841
5.570902,41.385889,122.007774
11.207736,95.378514,110.894190
42.280595,61.082547,103.028813
19.742784,94.476300,105.152046
10.870840,60.944003,115.955963
1.701702,79.041379,111.523551
66.059568,88.677066,115.650693
68.503961,27.550800,114.970388
67.034183,9.507131,103.895644
19.985834,44.088782,110.384502
50.137219,64.268647,109.670500
75.136196,55.108049,111.143035
11.372085,26.556063,125.266408
68.756247,77.169677,105.143084
37.580309,59.826419,110.484215
21.414118,80.317218,115.804717
38.009298,20.836709,105.497495
65.796283,25.781379,126.140626
21.970479,124.283815,116.525693
81.507823,117.312350,126.041457
68.207040,100.643147,110.373646
50.584873,114.851424,114.564809
69.215049,112.755329,120.221336
53.985129,125.166060,126.169996
55.578151,117.039114,109.679841
67.034183,109.507131,103.895644
38.009298,120.836709,105.497495
65.796283,125.781379,126.140626
123.240907,-23.871677,123.549975
125.575026,-5.029214,105.930663
118.197956,-5.923455,113.491952
111.207736,-4.621486,110.894190
119.742784,-5.523700,105.152046
101.701702,-20.958621,111.523551
121.414118,-19.682782,115.804717
103.055031,32.328128,115.589163
123.240907,76.128323,123.549975
121.970479,24.283815,116.525693
125.575026,94.970786,105.930663
107.322218,44.930541,110.349353
118.197956,94.076545,113.491952
110.283113,67.171481,105.083651
105.570902,41.385889,122.007774
111.207736,95.378514,110.894190
119.742784,94.476300,105.152046
110.870840,60.944003,115.955963
101.701702,79.041379,111.523551
119.985834,44.088782,110.384502
111.372085,26.556063,125.266408
121.414118,80.317218,115.804717
121.970479,124.283815,116.525693
