-11.450017,-22.470728,-25.162660
-11.953129,20.339168,-22.748700
-11.450017,77.529272,-25.162660
-19.420030,15.669969,-11.546634
-16.311614,29.064028,-17.782204
-16.214174,65.192013,-5.394641
-17.262052,35.532235,-14.734576
-12.933092,3.187327,-18.040829
-13.713046,10.886637,-22.607803
-23.560896,58.633402,-18.024495
-6.157021,69.109348,-7.500506
-1.469054,39.607493,-10.236575
-23.134049,49.540787,-6.661110
-11.953129,120.339168,-22.748700
-19.420030,115.669969,-11.546634
-12.933092,103.187327,-18.040829
-13.713046,110.886637,-22.607803
88.549983,-22.470728,-25.162660
24.318056,-11.346622,-19.782785
24.206098,-25.443084,-4.597183
51.729803,-22.374164,-25.130730
45.995238,-20.077597,-19.219318
66.396895,-11.159748,-2.351692
4.174034,-8.828759,-24.372346
39.205102,-6.902826,-3.045434
10.533766,-14.861827,-6.334666
51.366237,-16.559560,-22.746804
88.046871,20.339168,-22.748700
51.834127,19.578551,-15.670929
88.549983,77.529272,-25.162660
0.232772,58.600234,-6.438233
20.720643,26.136369,-24.292197
59.606804,10.216678,-5.069060
6.335953,59.187624,-2.576021
33.291056,23.156264,-16.319731
80.579970,15.669969,-11.546634
6.765071,28.377482,-13.285364
53.401426,42.143094,-24.444538
46.046592,14.099118,-24.033803
24.318056,88.653378,-19.782785
24.206098,74.556916,-4.597183
51.729803,77.625836,-25.130730
45.995238,79.922403,-19.219318
2.780383,44.036254,-16.434435
66.129465,37.023885,-15.280957
66.396895,88.840252,-2.351692
20.255319,51.202268,-3.033703
45.869100,42.696047,-8.246926
4.174034,91.171241,-24.372346
16.046002,42.181194,-13.016289
23.544916,1.603919,-1.735107
83.688386,29.064028,-17.782204
21.006208,12.914500,-10.339003
83.785826,65.192013,-5.394641
82.737948,35.532235,-14.734576
87.066908,3.187327,-18.040829
86.286954,10.886637,-22.607803
76.439104,58.633402,-18.024495
39.205102,93.097174,-3.045434
41.183250,44.744882,-1.753570
10.533766,85.138173,-6.334666
0.636128,11.976372,-25.589738
49.085603,54.385660,-5.678814
93.842979,69.109348,-7.500506
19.069507,66.475375,-2.905558
98.530946,39.607493,-10.236575
51.366237,83.440440,-22.746804
76.865951,49.540787,-6.661110
12.737863,37.084603,-14.728948
88.046871,120.339168,-22.748700
51.834127,119.578551,-15.670929
20.720643,126.136369,-24.292197
59.606804,110.216678,-5.069060
33.291056,123.156264,-16.319731
80.579970,115.669969,-11.546634
46.046592,114.099118,-24.033803
23.544916,101.603919,-1.735107
21.006208,112.914500,-10.339003
87.066908,103.187327,-18.040829
86.286954,110.886637,-22.607803
0.636128,111.976372,-25.589738
124.318056,-11.346622,-19.782785
124.206098,-25.443084,-4.597183
104.174034,-8.828759,-24.372346
110.533766,-14.861827,-6.334666
100.232772,58.600234,-6.438233
120.720643,26.136369,-24.292197
106.335953,59.187624,-2.576021
106.765071,28.377482,-13.285364
124.318056,88.653378,-19.782785
124.206098,74.556916,-4.597183
102.780383,44.036254,-16.434435
120.255319,51.202268,-3.033703
104.174034,91.171241,-24.372346
116.046002,42.181194,-13.016289
123.544916,1.603919,-1.735107
121.006208,12.914500,-10.339003
110.533766,85.138173,-6.334666
100.636128,11.976372,-25.589738
119.069507,66.475375,-2.905558
112.737863,37.084603,-14.728948
120.720643,126.136369,-24.292197
123.544916,101.603919,-1.735107
121.006208,112.914500,-10.339003
100.636128,111.976372,-25.589738
-6.169555,-20.066473,3.447179
-11.334182,-24.001194,9.637630
-11.450017,-22.470728,74.837340
-11.749684,-20.137925,26.226233
-10.612970,-4.704556,51.822730
-14.545572,-16.733455,3.639036
-24.405578,-13.860582,36.961699
-18.997716,-21.167366,41.298332
-12.797348,-4.238008,29.150566
-24.551733,-8.738864,71.247354
-11.697227,-0.295232,73.284828
-23.438178,-9.457383,19.072626
-9.024459,-2.932227,8.898404
-10.315765,61.392217,8.561919
-19.333570,18.602187,18.412682
-11.953129,20.339168,77.251300
-6.169555,79.933527,3.447179
-11.334182,75.998806,9.637630
-11.450017,77.529272,74.837340
-1.363667,32.665664,64.503290
-11.749684,79.862075,26.226233
-11.868749,57.916936,22.402469
-26.246107,70.757127,63.119427
-15.662314,11.231897,26.398540
-19.420030,15.669969,88.453366
-16.550115,30.263565,22.379427
-10.095923,70.614137,67.881363
-22.053008,6.691842,53.507457
-10.612970,95.295444,51.822730
-18.170703,68.247680,20.091222
-15.393240,60.834146,45.816599
-14.981777,12.753702,31.940573
-14.545572,83.266545,3.639036
-18.766465,59.549521,68.607028
-24.405578,86.139418,36.961699
-18.997716,78.832634,41.298332
-16.311614,29.064028,82.217796
-14.561225,47.020798,69.919082
-16.214174,65.192013,94.605359
-17.262052,35.532235,85.265424
-1.512054,8.537512,30.095728
-15.184809,16.909475,9.814469
-12.797348,95.761992,29.150566
-12.933092,3.187327,81.959171
-13.713046,10.886637,77.392197
-23.560896,58.633402,81.975505
-24.551733,91.261136,71.247354
-11.697227,99.704768,73.284828
-23.464188,55.851531,58.347082
-4.015698,13.062439,1.110759
-23.438178,90.542617,19.072626
-9.024459,97.067773,8.898404
-20.063905,36.496724,6.487686
-6.157021,69.109348,92.499494
-21.903604,43.955238,3.678018
-1.469054,39.607493,89.763425
-15.050988,71.300818,24.084280
-21.297913,35.925320,56.459551
-23.049067,54.902138,38.530292
-23.134049,49.540787,93.338890
-19.333570,118.602187,18.412682
-11.953129,120.339168,77.251300
-15.662314,111.231897,26.398540
-19.420030,115.669969,88.453366
-22.053008,106.691842,53.507457
-14.981777,112.753702,31.940573
-1.512054,108.537512,30.095728
-15.184809,116.909475,9.814469
-12.933092,103.187327,81.959171
-13.713046,110.886637,77.392197
-4.015698,113.062439,1.110759
93.830445,-20.066473,3.447179
5.503673,-5.042447,10.764753
53.706977,-15.800778,55.619837
88.665818,-24.001194,9.637630
88.549983,-22.470728,74.837340
26.300642,-12.917896,37.847227
52.954741,-11.661492,22.604557
26.500612,-18.408172,28.676736
30.475043,-19.612025,24.639076
45.511966,-12.748234,72.478963
88.250316,-20.137925,26.226233
27.862640,-13.082347,0.583250
19.541222,-4.071466,58.025839
45.235951,-6.238062,22.624380
70.544647,-7.139976,36.303582
11.801766,-19.632391,57.068528
24.318056,-11.346622,80.217215
24.206098,-25.443084,95.402817
51.729803,-22.374164,74.869270
45.995238,-20.077597,80.780682
18.997766,-8.835043,28.021187
26.341323,-22.383827,0.836583
89.387030,-4.704556,51.822730
66.396895,-11.159748,97.648308
4.174034,-8.828759,75.627654
85.454428,-16.733455,3.639036
40.207599,-0.514165,73.095112
75.594422,-13.860582,36.961699
81.002284,-21.167366,41.298332
2.329686,-9.153584,51.035912
87.202652,-4.238008,29.150566
75.448267,-8.738864,71.247354
54.574634,-24.475923,3.499156
39.205102,-6.902826,96.954566
88.302773,-0.295232,73.284828
18.464164,-9.734253,55.735944
46.943977,-11.362598,50.530152
10.533766,-14.861827,93.665334
76.561822,-9.457383,19.072626
90.975541,-2.932227,8.898404
30.283144,-8.796097,64.540423
51.366237,-16.559560,77.253196
21.719977,-22.990737,30.769204
89.684235,61.392217,8.561919
80.666430,18.602187,18.412682
0.076995,26.823123,39.798113
2.680079,68.074085,52.497111
60.778526,40.569291,53.417860
1.692734,27.394726,64.187516
88.046871,20.339168,77.251300
93.830445,79.933527,3.447179
5.503673,94.957553,10.764753
51.834127,19.578551,84.329071
53.706977,84.199222,55.619837
88.665818,75.998806,9.637630
88.549983,77.529272,74.837340
26.300642,87.082104,37.847227
7.817102,35.048906,58.589702
52.954741,88.338508,22.604557
26.500612,81.591828,28.676736
30.475043,80.387975,24.639076
33.286805,41.767476,51.252007
0.232772,58.600234,93.561767
98.636333,32.665664,64.503290
20.720643,26.136369,75.707803
1.750720,25.786646,50.906846
45.511966,87.251766,72.478963
88.250316,79.862075,26.226233
27.862640,86.917653,0.583250
49.601568,52.423108,70.842055
19.541222,95.928534,58.025839
45.235951,93.761938,22.624380
70.544647,92.860024,36.303582
66.607948,56.028432,40.951362
88.131251,57.916936,22.402469
40.606912,71.765068,7.957689
73.753893,70.757127,63.119427
58.837182,58.026411,15.442543
59.606804,10.216678,94.930940
55.746403,29.170010,58.047470
36.588198,44.970596,46.583761
58.943694,53.157837,18.677729
6.335953,59.187624,97.423979
33.291056,23.156264,83.680269
84.337686,11.231897,26.398540
80.579970,15.669969,88.453366
50.499225,17.949344,48.162521
6.765071,28.377482,86.714636
48.067912,42.208760,36.144073
53.401426,42.143094,75.555462
11.801766,80.367609,57.068528
46.046592,14.099118,75.966197
24.318056,88.653378,80.217215
24.206098,74.556916,95.402817
83.449885,30.263565,22.379427
30.830814,2.099986,52.591579
51.729803,77.625836,74.869270
22.473011,60.788417,59.525050
45.995238,79.922403,80.780682
18.997766,91.164957,28.021187
2.780383,44.036254,83.565565
89.904077,70.614137,67.881363
26.341323,77.616173,0.836583
66.129465,37.023885,84.719043
77.946992,6.691842,53.507457
89.387030,95.295444,51.822730
30.786856,23.839825,69.164420
81.829297,68.247680,20.091222
66.396895,88.840252,97.648308
65.136658,13.837509,53.340279
84.606760,60.834146,45.816599
31.963887,61.530490,54.979716
20.255319,51.202268,96.966297
45.869100,42.696047,91.753074
4.174034,91.171241,75.627654
85.018223,12.753702,31.940573
85.454428,83.266545,3.639036
40.207599,99.485835,73.095112
16.046002,42.181194,86.983711
29.742985,51.209645,17.020451
35.308607,30.192696,36.362833
13.374407,15.261747,15.510234
23.544916,1.603919,98.264893
81.233535,59.549521,68.607028
75.594422,86.139418,36.961699
15.420122,13.800832,66.335382
43.000812,16.266417,6.940724
52.497829,3.720423,2.229349
81.002284,78.832634,41.298332
83.688386,29.064028,82.217796
19.405812,51.240614,29.808556
30.841717,23.351187,56.546005
85.438775,47.020798,69.919082
21.006208,12.914500,89.660997
66.727115,0.904777,12.273068
52.017774,28.315021,40.658993
83.785826,65.192013,94.605359
49.917301,48.456862,39.298411
82.737948,35.532235,85.265424
2.329686,90.846416,51.035912
98.487946,8.537512,30.095728
84.815191,16.909475,9.814469
53.827520,34.486729,20.823970
87.202652,95.761992,29.150566
39.973529,73.082761,24.572267
59.010064,45.161725,68.246044
87.066908,3.187327,81.959171
15.679709,17.479779,39.532566
86.286954,10.886637,77.392197
9.757504,32.308983,6.066248
1.111854,41.275720,18.043302
76.439104,58.633402,81.975505
75.448267,91.261136,71.247354
54.574634,75.524077,3.499156
48.370758,54.727307,1.014448
39.205102,93.097174,96.954566
43.262686,5.089038,26.360291
19.213346,5.595827,44.835170
88.302773,99.704768,73.284828
6.247340,53.631589,33.748317
17.361141,61.818171,69.754339
46.049180,5.018464,64.464687
41.183250,44.744882,98.246430
18.464164,90.265747,55.735944
4.441601,36.855544,39.364214
47.293752,14.696395,32.495450
41.170515,67.104546,24.441186
59.709404,68.509678,45.453280
20.915611,72.556826,54.162866
76.535812,55.851531,58.347082
27.779334,49.159641,50.095723
95.984302,13.062439,1.110759
46.943977,88.637402,50.530152
28.005593,22.239457,4.203258
10.533766,85.138173,93.665334
0.636128,11.976372,74.410262
76.561822,90.542617,19.072626
49.085603,54.385660,94.321186
90.975541,97.067773,8.898404
79.936095,36.496724,6.487686
3.679317,17.911565,25.176640
93.842979,69.109348,92.499494
31.676048,22.309213,9.438613
30.283144,91.203903,64.540423
78.096396,43.955238,3.678018
19.069507,66.475375,97.094442
98.530946,39.607493,89.763425
84.949012,71.300818,24.084280
78.702087,35.925320,56.459551
11.903704,38.105933,26.473668
51.366237,83.440440,77.253196
76.950933,54.902138,38.530292
21.719977,77.009263,30.769204
76.865951,49.540787,93.338890
12.737863,37.084603,85.271052
59.853272,63.624006,14.652794
80.666430,118.602187,18.412682
88.046871,120.339168,77.251300
51.834127,119.578551,84.329071
20.720643,126.136369,75.707803
1.750720,125.786646,50.906846
59.606804,110.216678,94.930940
33.291056,123.156264,83.680269
84.337686,111.231897,26.398540
80.579970,115.669969,88.453366
50.499225,117.949344,48.162521
46.046592,114.099118,75.966197
30.830814,102.099986,52.591579
77.946992,106.691842,53.507457
30.786856,123.839825,69.164420
65.136658,113.837509,53.340279
85.018223,112.753702,31.940573
13.374407,115.261747,15.510234
23.544916,101.603919,98.264893
15.420122,113.800832,66.335382
43.000812,116.266417,6.940724
52.497829,103.720423,2.229349
30.841717,123.351187,56.546005
21.006208,112.914500,89.660997
66.727115,100.904777,12.273068
98.487946,108.537512,30.095728
84.815191,116.909475,9.814469
87.066908,103.187327,81.959171
15.679709,117.479779,39.532566
86.286954,110.886637,77.392197
43.262686,105.089038,26.360291
19.213346,105.595827,44.835170
46.049180,105.018464,64.464687
47.293752,114.696395,32.495450
95.984302,113.062439,1.110759
28.005593,122.239457,4.203258
0.636128,111.976372,74.410262
3.679317,117.911565,25.176640
31.676048,122.309213,9.438613
105.503673,-5.042447,10.764753
126.300642,-12.917896,37.847227
119.541222,-4.071466,58.025839
111.801766,-19.632391,57.068528
124.318056,-11.346622,80.217215
124.206098,-25.443084,95.402817
118.997766,-8.835043,28.021187
126.341323,-22.383827,0.836583
104.174034,-8.828759,75.627654
102.329686,-9.153584,51.035912
118.464164,-9.734253,55.735944
110.533766,-14.861827,93.665334
121.719977,-22.990737,30.769204
100.076995,26.823123,39.798113
102.680079,68.074085,52.497111
101.692734,27.394726,64.187516
105.503673,94.957553,10.764753
126.300642,87.082104,37.847227
107.817102,35.048906,58.589702
100.232772,58.600234,93.561767
120.720643,26.136369,75.707803
101.750720,25.786646,50.906846
119.541222,95.928534,58.025839
106.335953,59.187624,97.423979
106.765071,28.377482,86.714636
111.801766,80.367609,57.068528
124.318056,88.653378,80.217215
124.206098,74.556916,95.402817
122.473011,60.788417,59.525050
118.997766,91.164957,28.021187
102.780383,44.036254,83.565565
126.341323,77.616173,0.836583
120.255319,51.202268,96.966297
104.174034,91.171241,75.627654
116.046002,42.181194,86.983711
113.374407,15.261747,15.510234
123.544916,1.603919,98.264893
115.420122,13.800832,66.335382
119.405812,51.240614,29.808556
121.006208,12.914500,89.660997
102.329686,90.846416,51.035912
115.679709,17.479779,39.532566
109.757504,32.308983,6.066248
101.111854,41.275720,18.043302
119.213346,5.595827,44.835170
106.247340,53.631589,33.748317
117.361141,61.818171,69.754339
118.464164,90.265747,55.735944
104.441601,36.855544,39.364214
120.915611,72.556826,54.162866
110.533766,85.138173,93.665334
100.636128,11.976372,74.410262
103.679317,17.911565,25.176640
119.069507,66.475375,97.094442
111.903704,38.105933,26.473668
121.719977,77.009263,30.769204
112.737863,37.084603,85.271052
120.720643,126.136369,75.707803
101.750720,125.786646,50.906846
113.374407,115.261747,15.510234
123.544916,101.603919,98.264893
115.420122,113.800832,66.335382
121.006208,112.914500,89.660997
115.679709,117.479779,39.532566
119.213346,105.595827,44.835170
100.636128,111.976372,74.410262
103.679317,117.911565,25.176640
-6.169555,-20.066473,103.447179
-11.334182,-24.001194,109.637630
-11.749684,-20.137925,126.226233
-14.545572,-16.733455,103.639036
-23.438178,-9.457383,119.072626
-9.024459,-2.932227,108.898404
-10.315765,61.392217,108.561919
-19.333570,18.602187,118.412682
-6.169555,79.933527,103.447179
-11.334182,75.998806,109.637630
-11.749684,79.862075,126.226233
-11.868749,57.916936,122.402469
-16.550115,30.263565,122.379427
-18.170703,68.247680,120.091222
-14.545572,83.266545,103.639036
-15.184809,16.909475,109.814469
-4.015698,13.062439,101.110759
-23.438178,90.542617,119.072626
-9.024459,97.067773,108.898404
-20.063905,36.496724,106.487686
-21.903604,43.955238,103.678018
-15.050988,71.300818,124.084280
-19.333570,118.602187,118.412682
-15.184809,116.909475,109.814469
-4.015698,113.062439,101.110759
93.830445,-20.066473,103.447179
5.503673,-5.042447,110.764753
88.665818,-24.001194,109.637630
52.954741,-11.661492,122.604557
30.475043,-19.612025,124.639076
88.250316,-20.137925,126.226233
27.862640,-13.082347,100.583250
45.235951,-6.238062,122.624380
26.341323,-22.383827,100.836583
85.454428,-16.733455,103.639036
54.574634,-24.475923,103.499156
76.561822,-9.457383,119.072626
90.975541,-2.932227,108.898404
89.684235,61.392217,108.561919
80.666430,18.602187,118.412682
93.830445,79.933527,103.447179
5.503673,94.957553,110.764753
88.665818,75.998806,109.637630
52.954741,88.338508,122.604557
30.475043,80.387975,124.639076
88.250316,79.862075,126.226233
27.862640,86.917653,100.583250
45.235951,93.761938,122.624380
88.131251,57.916936,122.402469
40.606912,71.765068,107.957689
58.837182,58.026411,115.442543
58.943694,53.157837,118.677729
83.449885,30.263565,122.379427
26.341323,77.616173,100.836583
81.829297,68.247680,120.091222
85.454428,83.266545,103.639036
29.742985,51.209645,117.020451
13.374407,15.261747,115.510234
43.000812,16.266417,106.940724
52.497829,3.720423,102.229349
66.727115,0.904777,112.273068
84.815191,16.909475,109.814469
53.827520,34.486729,120.823970
39.973529,73.082761,124.572267
9.757504,32.308983,106.066248
1.111854,41.275720,118.043302
54.574634,75.524077,103.499156
48.370758,54.727307,101.014448
43.262686,5.089038,126.360291
41.170515,67.104546,124.441186
95.984302,13.062439,101.110759
28.005593,22.239457,104.203258
76.561822,90.542617,119.072626
90.975541,97.067773,108.898404
79.936095,36.496724,106.487686
3.679317,17.911565,125.176640
31.676048,22.309213,109.438613
78.096396,43.955238,103.678018
84.949012,71.300818,124.084280
59.853272,63.624006,114.652794
80.666430,118.602187,118.412682
13.374407,115.261747,115.510234
43.000812,116.266417,106.940724
52.497829,103.720423,102.229349
66.727115,100.904777,112.273068
84.815191,116.909475,109.814469
43.262686,105.089038,126.360291
95.984302,113.062439,101.110759
28.005593,122.239457,104.203258
3.679317,117.911565,125.176640
31.676048,122.309213,109.438613
105.503673,-5.042447,110.764753
126.341323,-22.383827,100.836583
105.503673,94.957553,110.764753
126.341323,77.616173,100.836583
113.374407,15.261747,115.510234
109.757504,32.308983,106.066248
101.111854,41.275720,118.043302
103.679317,17.911565,125.176640
113.374407,115.261747,115.510234
103.679317,117.911565,125.176640
