-2.269735,-21.531870,-4.624092
-8.471520,-16.941900,-9.652805
-3.803031,-23.423151,-18.730063
-2.269735,78.468130,-4.624092
-2.772528,31.794339,-16.420753
-8.471520,83.058100,-9.652805
-26.087571,19.632098,-5.851669
-12.188688,38.743628,-9.657389
-3.803031,76.576849,-18.730063
-26.087571,119.632098,-5.851669
97.730265,-21.531870,-4.624092
35.784830,-23.636970,-2.014175
71.508322,-6.105684,-5.527606
5.760361,-11.609258,-14.025082
91.528480,-16.941900,-9.652805
11.584265,-11.970099,-5.577467
45.556382,-3.437591,-26.131950
24.209475,-8.934285,-6.738085
59.347640,-3.672514,-12.928982
96.196969,-23.423151,-18.730063
49.751293,-1.271122,-2.091515
37.263144,-3.789240,-15.066846
20.143328,-22.122618,-25.083038
27.579149,48.606884,-18.615180
42.416461,23.061951,-5.343991
97.730265,78.468130,-4.624092
5.640976,68.696514,-12.888219
61.854822,57.624711,-11.964651
35.784830,76.363030,-2.014175
97.227472,31.794339,-16.420753
71.508322,93.894316,-5.527606
19.824018,64.261981,-25.057630
25.373380,38.377191,-21.999347
5.760361,88.390742,-14.025082
45.794791,35.515854,-4.158016
47.472370,61.862556,-16.649906
91.528480,83.058100,-9.652805
9.433474,22.093665,-0.188038
73.912429,19.632098,-5.851669
53.542521,60.437958,-5.262402
68.825161,22.807272,-21.787038
87.811312,38.743628,-9.657389
63.305371,4.709062,-20.758354
4.459420,55.864569,-22.585064
11.584265,88.029901,-5.577467
45.556382,96.562409,-26.131950
53.296146,16.752816,-3.553505
44.756446,46.990770,-11.207573
66.039673,55.002421,-5.825704
12.878271,25.032586,-11.619102
69.277002,43.676278,-15.252399
24.209475,91.065715,-6.738085
16.460947,43.104621,-12.565206
1.634019,58.022858,-4.737393
56.632585,60.720251,-24.030325
59.347640,96.327486,-12.928982
57.982378,34.033780,-26.240789
96.196969,76.576849,-18.730063
49.751293,98.728878,-2.091515
37.263144,96.210760,-15.066846
20.143328,77.877382,-25.083038
42.416461,123.061951,-5.343991
9.433474,122.093665,-0.188038
73.912429,119.632098,-5.851669
68.825161,122.807272,-21.787038
63.305371,104.709062,-20.758354
53.296146,116.752816,-3.553505
12.878271,125.032586,-11.619102
105.760361,-11.609258,-14.025082
111.584265,-11.970099,-5.577467
124.209475,-8.934285,-6.738085
120.143328,-22.122618,-25.083038
105.640976,68.696514,-12.888219
119.824018,64.261981,-25.057630
125.373380,38.377191,-21.999347
105.760361,88.390742,-14.025082
109.433474,22.093665,-0.188038
104.459420,55.864569,-22.585064
111.584265,88.029901,-5.577467
112.878271,25.032586,-11.619102
124.209475,91.065715,-6.738085
116.460947,43.104621,-12.565206
101.634019,58.022858,-4.737393
120.143328,77.877382,-25.083038
109.433474,122.093665,-0.188038
112.878271,125.032586,-11.619102
-2.269735,-21.531870,95.375908
-7.871370,-18.597983,38.656691
-17.084266,-0.036446,60.419607
-8.471520,-16.941900,90.347195
-20.671091,-3.481681,33.286704
-13.344976,-5.208966,20.269012
-7.016983,-23.600860,49.550280
-22.881935,-11.494109,62.324746
-14.091497,-2.297304,54.566239
-3.803031,-23.423151,81.269937
-6.531961,-3.314586,6.707035
-16.068015,-23.983255,25.464526
-13.668879,-9.838739,3.439469
-13.716065,4.287819,5.232094
-2.269735,78.468130,95.375908
-0.366504,39.785062,28.705981
-2.772528,31.794339,83.579247
-21.839242,37.600539,71.587569
-7.871370,81.402017,38.656691
-9.077089,40.313323,41.502520
-24.729377,41.316106,18.883778
-17.084266,99.963554,60.419607
-8.946442,47.767219,49.392588
-22.187582,14.808043,5.971602
-7.192008,20.369058,20.723488
-8.471520,83.058100,90.347195
-20.671091,96.518319,33.286704
-21.092562,54.884122,15.940381
-1.988916,62.640956,55.946639
-25.749696,15.332795,68.932950
-26.087571,19.632098,94.148331
-13.344976,94.791034,20.269012
-19.901103,54.389237,32.282288
-7.016983,76.399140,49.550280
-8.103766,70.091151,52.710879
-4.483487,61.683692,22.548683
-11.071340,22.852007,4.742645
-12.188688,38.743628,90.342611
-7.101102,72.591521,42.475477
-22.881935,88.505891,62.324746
-14.091497,97.702696,54.566239
-24.078200,2.645630,20.365635
-7.897388,30.306350,51.172361
-4.009247,50.566735,1.906258
-8.309207,9.235198,42.021328
-5.707423,3.327020,71.987758
-1.589439,36.121580,19.886977
-4.086470,23.382756,61.399225
-3.803031,76.576849,81.269937
-15.115379,58.556477,8.228935
-7.651752,8.924044,35.924959
-6.531961,96.685414,6.707035
-16.068015,76.016745,25.464526
-18.739277,23.824233,46.969582
-13.668879,90.161261,3.439469
-13.716065,104.287819,5.232094
-22.187582,114.808043,5.971602
-7.192008,120.369058,20.723488
-25.749696,115.332795,68.932950
-26.087571,119.632098,94.148331
-11.071340,122.852007,4.742645
-24.078200,102.645630,20.365635
-8.309207,109.235198,42.021328
-5.707423,103.327020,71.987758
-4.086470,123.382756,61.399225
-7.651752,108.924044,35.924959
-18.739277,123.824233,46.969582
55.009723,-5.076598,41.065534
97.730265,-21.531870,95.375908
35.784830,-23.636970,97.985825
71.508322,-6.105684,94.472394
24.048815,-17.663004,0.476228
0.337418,-9.748342,27.673068
92.128630,-18.597983,38.656691
11.681847,-6.053168,64.622522
5.760361,-11.609258,85.974918
66.508838,-11.588409,51.267634
82.915734,-0.036446,60.419607
50.137665,-7.194344,32.336629
91.528480,-16.941900,90.347195
79.328909,-3.481681,33.286704
17.110674,-22.820028,38.530795
50.907740,-14.475233,26.979009
86.655024,-5.208966,20.269012
71.664986,-7.039188,71.979162
92.983017,-23.600860,49.550280
46.228706,-24.641591,44.966639
67.044995,-11.263183,3.200001
77.118065,-11.494109,62.324746
6.077064,-8.699260,12.086260
11.584265,-11.970099,94.422533
85.908503,-2.297304,54.566239
20.852998,-8.111509,62.638930
45.556382,-3.437591,73.868050
36.778057,-6.157976,6.203145
43.003238,-13.617422,52.108806
71.269238,-18.892604,69.326307
52.510246,-3.868489,27.353393
45.598718,-23.291609,23.785582
10.686338,-7.511948,26.516453
37.985772,-16.680311,65.446028
24.209475,-8.934285,93.261915
3.181083,-23.206302,33.872512
59.347640,-3.672514,87.071018
96.196969,-23.423151,81.269937
49.751293,-1.271122,97.908485
37.263144,-3.789240,84.933154
93.468039,-3.314586,6.707035
83.931985,-23.983255,25.464526
12.737874,-23.989944,31.237880
20.143328,-22.122618,74.916962
86.331121,-9.838739,3.439469
27.579149,48.606884,81.384820
55.009723,94.923402,41.065534
86.283935,4.287819,5.232094
42.416461,23.061951,94.656009
97.730265,78.468130,95.375908
29.193671,46.150315,7.470023
22.611114,65.522538,19.206500
15.990743,32.295469,64.441872
5.640976,68.696514,87.111781
72.322494,29.837839,37.876719
99.633496,39.785062,28.705981
45.945716,2.552621,64.698190
61.854822,57.624711,88.035349
17.794264,73.043969,45.181879
59.357204,62.925857,67.838013
35.784830,76.363030,97.985825
13.059298,32.143036,70.967862
97.227472,31.794339,83.579247
23.837773,14.943790,10.703859
34.397314,10.013218,49.261194
78.160758,37.600539,71.587569
25.477992,58.797979,28.808269
71.508322,93.894316,94.472394
24.048815,82.336996,0.476228
19.824018,64.261981,74.942370
0.337418,90.251658,27.673068
92.128630,81.402017,38.656691
25.373380,38.377191,78.000653
26.497518,40.743197,45.339908
11.681847,93.946832,64.622522
38.121796,53.076913,50.188219
40.460290,34.938842,19.050459
5.760361,88.390742,85.974918
0.736055,57.714805,62.263843
45.794791,35.515854,95.841984
47.472370,61.862556,83.350094
90.922911,40.313323,41.502520
75.270623,41.316106,18.883778
47.726300,37.919976,61.586178
66.508838,88.411591,51.267634
82.915734,99.963554,60.419607
50.137665,92.805656,32.336629
91.053558,47.767219,49.392588
77.812418,14.808043,5.971602
92.807992,20.369058,20.723488
68.334035,34.045374,66.177696
67.061609,36.304040,21.878614
52.935815,24.773417,1.800658
91.528480,83.058100,90.347195
64.648621,49.394435,22.707588
79.328909,96.518319,33.286704
78.907438,54.884122,15.940381
9.433474,22.093665,99.811962
16.664346,22.689644,9.855362
20.834278,56.151236,24.222195
8.660672,66.657434,68.049908
38.689558,19.001403,20.784506
17.110674,77.179972,38.530795
98.011084,62.640956,55.946639
74.250304,15.332795,68.932950
50.907740,85.524767,26.979009
73.912429,19.632098,94.148331
47.549816,65.061478,51.553095
86.655024,94.791034,20.269012
71.664986,92.960812,71.979162
42.091247,48.168140,67.276060
53.542521,60.437958,94.737598
80.098897,54.389237,32.282288
48.001423,5.620218,48.322882
92.983017,76.399140,49.550280
91.896234,70.091151,52.710879
46.228706,75.358409,44.966639
95.516513,61.683692,22.548683
22.489173,7.452661,39.421486
33.426726,34.630601,42.579253
22.441300,51.059329,43.488507
88.928660,22.852007,4.742645
5.991293,7.868961,18.182597
68.825161,22.807272,78.212962
87.811312,38.743628,90.342611
16.499499,13.600271,6.020438
36.131628,23.326016,72.028777
92.898898,72.591521,42.475477
67.044995,88.736817,3.200001
63.305371,4.709062,79.241646
4.459420,55.864569,77.414936
77.118065,88.505891,62.324746
66.527692,59.677342,53.933008
24.337370,11.327747,35.160190
6.988066,30.132869,22.936921
6.077064,91.300740,12.086260
11.584265,88.029901,94.422533
85.908503,97.702696,54.566239
20.852998,91.888491,62.638930
75.921800,2.645630,20.365635
45.556382,96.562409,73.868050
36.778057,93.842024,6.203145
92.102612,30.306350,51.172361
43.003238,86.382578,52.108806
53.296146,16.752816,96.446495
44.756446,46.990770,88.792427
8.309385,49.824504,35.775723
95.990753,50.566735,1.906258
71.269238,81.107396,69.326307
67.621200,55.283402,35.638964
49.762446,64.801573,13.385475
66.039673,55.002421,94.174296
91.690793,9.235198,42.021328
52.510246,96.131511,27.353393
94.292577,3.327020,71.987758
13.355390,10.210700,44.998193
27.809750,31.074704,58.028107
98.410561,36.121580,19.886977
45.598718,76.708391,23.785582
10.686338,92.488052,26.516453
44.367830,67.641604,8.048464
12.878271,25.032586,88.380898
37.985772,83.319689,65.446028
62.527873,5.204685,23.750249
69.277002,43.676278,84.747601
50.879587,31.039965,16.275183
65.023319,58.685132,0.971323
24.209475,91.065715,93.261915
16.460947,43.104621,87.434794
3.181083,76.793698,33.872512
1.634019,58.022858,95.262607
56.632585,60.720251,75.969675
59.347640,96.327486,87.071018
57.982378,34.033780,73.759211
95.913530,23.382756,61.399225
25.294929,29.360890,50.957334
96.196969,76.576849,81.269937
49.751293,98.728878,97.908485
84.884621,58.556477,8.228935
37.263144,96.210760,84.933154
27.404666,36.661320,37.540586
24.847865,43.688956,1.856454
20.690691,3.017727,36.448151
46.240959,67.719041,2.203527
25.608148,9.880746,68.207749
68.344451,24.829223,48.388035
33.116318,73.326017,62.520178
92.348248,8.924044,35.924959
93.468039,96.685414,6.707035
71.749780,22.292120,64.445075
83.931985,76.016745,25.464526
47.504191,57.816987,34.348017
81.260723,23.824233,46.969582
12.737874,76.010056,31.237880
2.322714,70.770582,6.760365
21.488943,57.231245,40.747074
20.143328,77.877382,74.916962
86.331121,90.161261,3.439469
86.283935,104.287819,5.232094
42.416461,123.061951,94.656009
45.945716,102.552621,64.698190
23.837773,114.943790,10.703859
34.397314,110.013218,49.261194
77.812418,114.808043,5.971602
92.807992,120.369058,20.723488
52.935815,124.773417,1.800658
9.433474,122.093665,99.811962
16.664346,122.689644,9.855362
38.689558,119.001403,20.784506
74.250304,115.332795,68.932950
73.912429,119.632098,94.148331
48.001423,105.620218,48.322882
22.489173,107.452661,39.421486
88.928660,122.852007,4.742645
5.991293,107.868961,18.182597
68.825161,122.807272,78.212962
16.499499,113.600271,6.020438
36.131628,123.326016,72.028777
63.305371,104.709062,79.241646
24.337370,111.327747,35.160190
75.921800,102.645630,20.365635
53.296146,116.752816,96.446495
91.690793,109.235198,42.021328
94.292577,103.327020,71.987758
13.355390,110.210700,44.998193
12.878271,125.032586,88.380898
62.527873,105.204685,23.750249
95.913530,123.382756,61.399225
20.690691,103.017727,36.448151
25.608148,109.880746,68.207749
68.344451,124.829223,48.388035
92.348248,108.924044,35.924959
71.749780,122.292120,64.445075
81.260723,123.824233,46.969582
124.048815,-17.663004,0.476228
100.337418,-9.748342,27.673068
111.681847,-6.053168,64.622522
105.760361,-11.609258,85.974918
117.110674,-22.820028,38.530795
106.077064,-8.699260,12.086260
111.584265,-11.970099,94.422533
120.852998,-8.111509,62.638930
110.686338,-7.511948,26.516453
124.209475,-8.934285,93.261915
103.181083,-23.206302,33.872512
112.737874,-23.989944,31.237880
120.143328,-22.122618,74.916962
122.611114,65.522538,19.206500
115.990743,32.295469,64.441872
105.640976,68.696514,87.111781
117.794264,73.043969,45.181879
113.059298,32.143036,70.967862
123.837773,14.943790,10.703859
125.477992,58.797979,28.808269
124.048815,82.336996,0.476228
119.824018,64.261981,74.942370
100.337418,90.251658,27.673068
125.373380,38.377191,78.000653
111.681847,93.946832,64.622522
105.760361,88.390742,85.974918
100.736055,57.714805,62.263843
109.433474,22.093665,99.811962
116.664346,22.689644,9.855362
120.834278,56.151236,24.222195
108.660672,66.657434,68.049908
117.110674,77.179972,38.530795
122.489173,7.452661,39.421486
122.441300,51.059329,43.488507
105.991293,7.868961,18.182597
116.499499,13.600271,6.020438
104.459420,55.864569,77.414936
124.337370,11.327747,35.160190
106.988066,30.132869,22.936921
106.077064,91.300740,12.086260
111.584265,88.029901,94.422533
120.852998,91.888491,62.638930
108.309385,49.824504,35.775723
113.355390,10.210700,44.998193
110.686338,92.488052,26.516453
112.878271,25.032586,88.380898
124.209475,91.065715,93.261915
116.460947,43.104621,87.434794
103.181083,76.793698,33.872512
101.634019,58.022858,95.262607
125.294929,29.360890,50.957334
124.847865,43.688956,1.856454
120.690691,3.017727,36.448151
125.608148,9.880746,68.207749
112.737874,76.010056,31.237880
102.322714,70.770582,6.760365
121.488943,57.231245,40.747074
120.143328,77.877382,74.916962
123.837773,114.943790,10.703859
109.433474,122.093665,99.811962
116.664346,122.689644,9.855362
122.489173,107.452661,39.421486
105.991293,107.868961,18.182597
116.499499,113.600271,6.020438
124.337370,111.327747,35.160190
113.355390,110.210700,44.998193
112.878271,125.032586,88.380898
120.690691,103.017727,36.448151
125.608148,109.880746,68.207749
-13.344976,-5.208966,120.269012
-6.531961,-3.314586,106.707035
-16.068015,-23.983255,125.464526
-13.668879,-9.838739,103.439469
-13.716065,4.287819,105.232094
-24.729377,41.316106,118.883778
-22.187582,14.808043,105.971602
-7.192008,20.369058,120.723488
-21.092562,54.884122,115.940381
-13.344976,94.791034,120.269012
-4.483487,61.683692,122.548683
-11.071340,22.852007,104.742645
-24.078200,2.645630,120.365635
-4.009247,50.566735,101.906258
-1.589439,36.121580,119.886977
-15.115379,58.556477,108.228935
-6.531961,96.685414,106.707035
-16.068015,76.016745,125.464526
-13.668879,90.161261,103.439469
-13.716065,104.287819,105.232094
-22.187582,114.808043,105.971602
-7.192008,120.369058,120.723488
-11.071340,122.852007,104.742645
-24.078200,102.645630,120.365635
24.048815,-17.663004,100.476228
86.655024,-5.208966,120.269012
67.044995,-11.263183,103.200001
6.077064,-8.699260,112.086260
36.778057,-6.157976,106.203145
45.598718,-23.291609,123.785582
93.468039,-3.314586,106.707035
83.931985,-23.983255,125.464526
86.331121,-9.838739,103.439469
86.283935,4.287819,105.232094
29.193671,46.150315,107.470023
22.611114,65.522538,119.206500
23.837773,14.943790,110.703859
24.048815,82.336996,100.476228
40.460290,34.938842,119.050459
75.270623,41.316106,118.883778
77.812418,14.808043,105.971602
92.807992,20.369058,120.723488
67.061609,36.304040,121.878614
52.935815,24.773417,101.800658
64.648621,49.394435,122.707588
78.907438,54.884122,115.940381
16.664346,22.689644,109.855362
20.834278,56.151236,124.222195
38.689558,19.001403,120.784506
86.655024,94.791034,120.269012
95.516513,61.683692,122.548683
88.928660,22.852007,104.742645
5.991293,7.868961,118.182597
16.499499,13.600271,106.020438
67.044995,88.736817,103.200001
6.988066,30.132869,122.936921
6.077064,91.300740,112.086260
75.921800,2.645630,120.365635
36.778057,93.842024,106.203145
95.990753,50.566735,101.906258
49.762446,64.801573,113.385475
98.410561,36.121580,119.886977
45.598718,76.708391,123.785582
44.367830,67.641604,108.048464
62.527873,5.204685,123.750249
50.879587,31.039965,116.275183
65.023319,58.685132,100.971323
84.884621,58.556477,108.228935
24.847865,43.688956,101.856454
46.240959,67.719041,102.203527
93.468039,96.685414,106.707035
83.931985,76.016745,125.464526
2.322714,70.770582,106.760365
86.331121,90.161261,103.439469
86.283935,104.287819,105.232094
23.837773,114.943790,110.703859
77.812418,114.808043,105.971602
92.807992,120.369058,120.723488
52.935815,124.773417,101.800658
16.664346,122.689644,109.855362
38.689558,119.001403,120.784506
88.928660,122.852007,104.742645
5.991293,107.868961,118.182597
16.499499,113.600271,106.020438
75.921800,102.645630,120.365635
62.527873,105.204685,123.750249
124.048815,-17.663004,100.476228
106.077064,-8.699260,112.086260
122.611114,65.522538,119.206500
123.837773,14.943790,110.703859
124.048815,82.336996,100.476228
116.664346,22.689644,109.855362
120.834278,56.151236,124.222195
105.991293,7.868961,118.182597
116.499499,13.600271,106.020438
106.988066,30.132869,122.936921
106.077064,91.300740,112.086260
124.847865,43.688956,101.856454
102.322714,70.770582,106.760365
123.837773,114.943790,110.703859
116.664346,122.689644,109.855362
105.991293,107.868961,118.182597
116.499499,113.600271,106.020438
